Unnamed: 0,PDB_ID,Domain,AA_Type,RMSD
40,7n3e_H,cdrH2,ALA,
41,7n3e_H,cdrH2,ARG,
42,7n3e_H,cdrH2,ASN,
43,7n3e_H,cdrH2,ASP,0.1869
44,7n3e_H,cdrH2,CYS,
45,7n3e_H,cdrH2,GLN,
46,7n3e_H,cdrH2,GLU,
47,7n3e_H,cdrH2,GLY,
48,7n3e_H,cdrH2,HIS,
49,7n3e_H,cdrH2,ILE,0.0464
50,7n3e_H,cdrH2,LEU,
51,7n3e_H,cdrH2,LYS,
52,7n3e_H,cdrH2,MET,
53,7n3e_H,cdrH2,PHE,
54,7n3e_H,cdrH2,PRO,0.1052
55,7n3e_H,cdrH2,SER,0.2926
56,7n3e_H,cdrH2,THR,0.0477
57,7n3e_H,cdrH2,TRP,
58,7n3e_H,cdrH2,TYR,1.6795
59,7n3e_H,cdrH2,VAL,
60,6xsw_H,cdrH2,ALA,
61,6xsw_H,cdrH2,ARG,
62,6xsw_H,cdrH2,ASN,1.7478
63,6xsw_H,cdrH2,ASP,
64,6xsw_H,cdrH2,CYS,
65,6xsw_H,cdrH2,GLN,
66,6xsw_H,cdrH2,GLU,
67,6xsw_H,cdrH2,GLY,
68,6xsw_H,cdrH2,HIS,
69,6xsw_H,cdrH2,ILE,0.3455
70,6xsw_H,cdrH2,LEU,
71,6xsw_H,cdrH2,LYS,
72,6xsw_H,cdrH2,MET,
73,6xsw_H,cdrH2,PHE,
74,6xsw_H,cdrH2,PRO,0.1409
75,6xsw_H,cdrH2,SER,0.1412
76,6xsw_H,cdrH2,THR,0.2913
77,6xsw_H,cdrH2,TRP,
78,6xsw_H,cdrH2,TYR,
79,6xsw_H,cdrH2,VAL,
120,7mzg_H,cdrH2,ALA,
121,7mzg_H,cdrH2,ARG,
122,7mzg_H,cdrH2,ASN,
123,7mzg_H,cdrH2,ASP,
124,7mzg_H,cdrH2,CYS,
125,7mzg_H,cdrH2,GLN,
126,7mzg_H,cdrH2,GLU,
127,7mzg_H,cdrH2,GLY,
128,7mzg_H,cdrH2,HIS,
129,7mzg_H,cdrH2,ILE,
130,7mzg_H,cdrH2,LEU,
131,7mzg_H,cdrH2,LYS,
132,7mzg_H,cdrH2,MET,
133,7mzg_H,cdrH2,PHE,1.8504
134,7mzg_H,cdrH2,PRO,0.2859
135,7mzg_H,cdrH2,SER,1.0392
136,7mzg_H,cdrH2,THR,0.1087
137,7mzg_H,cdrH2,TRP,
138,7mzg_H,cdrH2,TYR,1.0879
139,7mzg_H,cdrH2,VAL,
180,7daa_H,cdrH2,ALA,
181,7daa_H,cdrH2,ARG,
182,7daa_H,cdrH2,ASN,
183,7daa_H,cdrH2,ASP,
184,7daa_H,cdrH2,CYS,
185,7daa_H,cdrH2,GLN,
186,7daa_H,cdrH2,GLU,
187,7daa_H,cdrH2,GLY,
188,7daa_H,cdrH2,HIS,
189,7daa_H,cdrH2,ILE,0.9434
190,7daa_H,cdrH2,LEU,
191,7daa_H,cdrH2,LYS,
192,7daa_H,cdrH2,MET,
193,7daa_H,cdrH2,PHE,
194,7daa_H,cdrH2,PRO,
195,7daa_H,cdrH2,SER,0.3791
196,7daa_H,cdrH2,THR,0.1794
197,7daa_H,cdrH2,TRP,
198,7daa_H,cdrH2,TYR,1.7009999999999998
199,7daa_H,cdrH2,VAL,
200,7kba_H,cdrH2,ALA,
201,7kba_H,cdrH2,ARG,2.028
202,7kba_H,cdrH2,ASN,0.6493
203,7kba_H,cdrH2,ASP,0.3412
204,7kba_H,cdrH2,CYS,
205,7kba_H,cdrH2,GLN,
206,7kba_H,cdrH2,GLU,
207,7kba_H,cdrH2,GLY,
208,7kba_H,cdrH2,HIS,
209,7kba_H,cdrH2,ILE,
210,7kba_H,cdrH2,LEU,
211,7kba_H,cdrH2,LYS,1.9064
212,7kba_H,cdrH2,MET,
213,7kba_H,cdrH2,PHE,
214,7kba_H,cdrH2,PRO,
215,7kba_H,cdrH2,SER,1.2512
216,7kba_H,cdrH2,THR,0.1913
217,7kba_H,cdrH2,TRP,
218,7kba_H,cdrH2,TYR,0.3372
219,7kba_H,cdrH2,VAL,
320,7ahu_H,cdrH2,ALA,
321,7ahu_H,cdrH2,ARG,
322,7ahu_H,cdrH2,ASN,
323,7ahu_H,cdrH2,ASP,0.8922
324,7ahu_H,cdrH2,CYS,
325,7ahu_H,cdrH2,GLN,
326,7ahu_H,cdrH2,GLU,
327,7ahu_H,cdrH2,GLY,
328,7ahu_H,cdrH2,HIS,
329,7ahu_H,cdrH2,ILE,0.1511
330,7ahu_H,cdrH2,LEU,
331,7ahu_H,cdrH2,LYS,
332,7ahu_H,cdrH2,MET,
333,7ahu_H,cdrH2,PHE,0.8787
334,7ahu_H,cdrH2,PRO,0.1581
335,7ahu_H,cdrH2,SER,0.245
336,7ahu_H,cdrH2,THR,0.0586
337,7ahu_H,cdrH2,TRP,
338,7ahu_H,cdrH2,TYR,
339,7ahu_H,cdrH2,VAL,
340,7oo2_H,cdrH2,ALA,
341,7oo2_H,cdrH2,ARG,
342,7oo2_H,cdrH2,ASN,
343,7oo2_H,cdrH2,ASP,
344,7oo2_H,cdrH2,CYS,
345,7oo2_H,cdrH2,GLN,
346,7oo2_H,cdrH2,GLU,
347,7oo2_H,cdrH2,GLY,
348,7oo2_H,cdrH2,HIS,
349,7oo2_H,cdrH2,ILE,0.0817
350,7oo2_H,cdrH2,LEU,
351,7oo2_H,cdrH2,LYS,
352,7oo2_H,cdrH2,MET,
353,7oo2_H,cdrH2,PHE,
354,7oo2_H,cdrH2,PRO,
355,7oo2_H,cdrH2,SER,0.1298
356,7oo2_H,cdrH2,THR,0.1345
357,7oo2_H,cdrH2,TRP,0.5248
358,7oo2_H,cdrH2,TYR,
359,7oo2_H,cdrH2,VAL,
380,7mzk_H,cdrH2,ALA,
381,7mzk_H,cdrH2,ARG,
382,7mzk_H,cdrH2,ASN,0.302
383,7mzk_H,cdrH2,ASP,
384,7mzk_H,cdrH2,CYS,
385,7mzk_H,cdrH2,GLN,
386,7mzk_H,cdrH2,GLU,
387,7mzk_H,cdrH2,GLY,
388,7mzk_H,cdrH2,HIS,
389,7mzk_H,cdrH2,ILE,0.07200000000000001
390,7mzk_H,cdrH2,LEU,
391,7mzk_H,cdrH2,LYS,
392,7mzk_H,cdrH2,MET,
393,7mzk_H,cdrH2,PHE,
394,7mzk_H,cdrH2,PRO,0.3994
395,7mzk_H,cdrH2,SER,1.0086
396,7mzk_H,cdrH2,THR,0.0455
397,7mzk_H,cdrH2,TRP,
398,7mzk_H,cdrH2,TYR,
399,7mzk_H,cdrH2,VAL,
420,7e9b_H,cdrH2,ALA,
421,7e9b_H,cdrH2,ARG,
422,7e9b_H,cdrH2,ASN,1.591
423,7e9b_H,cdrH2,ASP,
424,7e9b_H,cdrH2,CYS,
425,7e9b_H,cdrH2,GLN,
426,7e9b_H,cdrH2,GLU,
427,7e9b_H,cdrH2,GLY,
428,7e9b_H,cdrH2,HIS,
429,7e9b_H,cdrH2,ILE,0.1638
430,7e9b_H,cdrH2,LEU,
431,7e9b_H,cdrH2,LYS,
432,7e9b_H,cdrH2,MET,
433,7e9b_H,cdrH2,PHE,
434,7e9b_H,cdrH2,PRO,
435,7e9b_H,cdrH2,SER,0.1317
436,7e9b_H,cdrH2,THR,
437,7e9b_H,cdrH2,TRP,
438,7e9b_H,cdrH2,TYR,
439,7e9b_H,cdrH2,VAL,
480,7rdl_H,cdrH2,ALA,
481,7rdl_H,cdrH2,ARG,
482,7rdl_H,cdrH2,ASN,
483,7rdl_H,cdrH2,ASP,0.5949
484,7rdl_H,cdrH2,CYS,
485,7rdl_H,cdrH2,GLN,
486,7rdl_H,cdrH2,GLU,
487,7rdl_H,cdrH2,GLY,
488,7rdl_H,cdrH2,HIS,1.4705
489,7rdl_H,cdrH2,ILE,
490,7rdl_H,cdrH2,LEU,
491,7rdl_H,cdrH2,LYS,
492,7rdl_H,cdrH2,MET,
493,7rdl_H,cdrH2,PHE,
494,7rdl_H,cdrH2,PRO,
495,7rdl_H,cdrH2,SER,0.0607
496,7rdl_H,cdrH2,THR,0.2141
497,7rdl_H,cdrH2,TRP,
498,7rdl_H,cdrH2,TYR,
499,7rdl_H,cdrH2,VAL,0.2346
560,7or9_H,cdrH2,ALA,
561,7or9_H,cdrH2,ARG,
562,7or9_H,cdrH2,ASN,1.5816
563,7or9_H,cdrH2,ASP,
564,7or9_H,cdrH2,CYS,
565,7or9_H,cdrH2,GLN,
566,7or9_H,cdrH2,GLU,
567,7or9_H,cdrH2,GLY,
568,7or9_H,cdrH2,HIS,
569,7or9_H,cdrH2,ILE,0.9882
570,7or9_H,cdrH2,LEU,
571,7or9_H,cdrH2,LYS,
572,7or9_H,cdrH2,MET,
573,7or9_H,cdrH2,PHE,
574,7or9_H,cdrH2,PRO,
575,7or9_H,cdrH2,SER,0.1928
576,7or9_H,cdrH2,THR,0.0309
577,7or9_H,cdrH2,TRP,
578,7or9_H,cdrH2,TYR,1.7918
579,7or9_H,cdrH2,VAL,
580,7rco_H,cdrH2,ALA,
581,7rco_H,cdrH2,ARG,
582,7rco_H,cdrH2,ASN,
583,7rco_H,cdrH2,ASP,
584,7rco_H,cdrH2,CYS,
585,7rco_H,cdrH2,GLN,
586,7rco_H,cdrH2,GLU,
587,7rco_H,cdrH2,GLY,
588,7rco_H,cdrH2,HIS,
589,7rco_H,cdrH2,ILE,0.9478
590,7rco_H,cdrH2,LEU,
591,7rco_H,cdrH2,LYS,
592,7rco_H,cdrH2,MET,
593,7rco_H,cdrH2,PHE,
594,7rco_H,cdrH2,PRO,
595,7rco_H,cdrH2,SER,0.8398
596,7rco_H,cdrH2,THR,
597,7rco_H,cdrH2,TRP,
598,7rco_H,cdrH2,TYR,1.8884
599,7rco_H,cdrH2,VAL,
600,7doh_H,cdrH2,ALA,
601,7doh_H,cdrH2,ARG,
602,7doh_H,cdrH2,ASN,
603,7doh_H,cdrH2,ASP,0.2302
604,7doh_H,cdrH2,CYS,
605,7doh_H,cdrH2,GLN,
606,7doh_H,cdrH2,GLU,
607,7doh_H,cdrH2,GLY,
608,7doh_H,cdrH2,HIS,
609,7doh_H,cdrH2,ILE,0.1661
610,7doh_H,cdrH2,LEU,
611,7doh_H,cdrH2,LYS,
612,7doh_H,cdrH2,MET,
613,7doh_H,cdrH2,PHE,
614,7doh_H,cdrH2,PRO,0.2591
615,7doh_H,cdrH2,SER,
616,7doh_H,cdrH2,THR,0.2308
617,7doh_H,cdrH2,TRP,
618,7doh_H,cdrH2,TYR,1.5768
619,7doh_H,cdrH2,VAL,0.2882
680,7o30_H,cdrH2,ALA,
681,7o30_H,cdrH2,ARG,
682,7o30_H,cdrH2,ASN,
683,7o30_H,cdrH2,ASP,0.3902
684,7o30_H,cdrH2,CYS,
685,7o30_H,cdrH2,GLN,
686,7o30_H,cdrH2,GLU,
687,7o30_H,cdrH2,GLY,
688,7o30_H,cdrH2,HIS,
689,7o30_H,cdrH2,ILE,0.1799
690,7o30_H,cdrH2,LEU,
691,7o30_H,cdrH2,LYS,
692,7o30_H,cdrH2,MET,
693,7o30_H,cdrH2,PHE,
694,7o30_H,cdrH2,PRO,
695,7o30_H,cdrH2,SER,
696,7o30_H,cdrH2,THR,1.8891
697,7o30_H,cdrH2,TRP,0.1758
698,7o30_H,cdrH2,TYR,
699,7o30_H,cdrH2,VAL,
700,7mzj_H,cdrH2,ALA,
701,7mzj_H,cdrH2,ARG,2.3286
702,7mzj_H,cdrH2,ASN,
703,7mzj_H,cdrH2,ASP,1.5605
704,7mzj_H,cdrH2,CYS,
705,7mzj_H,cdrH2,GLN,
706,7mzj_H,cdrH2,GLU,
707,7mzj_H,cdrH2,GLY,
708,7mzj_H,cdrH2,HIS,
709,7mzj_H,cdrH2,ILE,0.1799
710,7mzj_H,cdrH2,LEU,
711,7mzj_H,cdrH2,LYS,0.8229
712,7mzj_H,cdrH2,MET,
713,7mzj_H,cdrH2,PHE,
714,7mzj_H,cdrH2,PRO,
715,7mzj_H,cdrH2,SER,0.3516
716,7mzj_H,cdrH2,THR,1.0451
717,7mzj_H,cdrH2,TRP,
718,7mzj_H,cdrH2,TYR,
719,7mzj_H,cdrH2,VAL,
720,6xm2_H,cdrH2,ALA,
721,6xm2_H,cdrH2,ARG,
722,6xm2_H,cdrH2,ASN,
723,6xm2_H,cdrH2,ASP,
724,6xm2_H,cdrH2,CYS,
725,6xm2_H,cdrH2,GLN,
726,6xm2_H,cdrH2,GLU,
727,6xm2_H,cdrH2,GLY,
728,6xm2_H,cdrH2,HIS,
729,6xm2_H,cdrH2,ILE,2.5347
730,6xm2_H,cdrH2,LEU,
731,6xm2_H,cdrH2,LYS,
732,6xm2_H,cdrH2,MET,
733,6xm2_H,cdrH2,PHE,
734,6xm2_H,cdrH2,PRO,
735,6xm2_H,cdrH2,SER,0.2087
736,6xm2_H,cdrH2,THR,
737,6xm2_H,cdrH2,TRP,
738,6xm2_H,cdrH2,TYR,1.7597
739,6xm2_H,cdrH2,VAL,
740,7s13_H,cdrH2,ALA,
741,7s13_H,cdrH2,ARG,
742,7s13_H,cdrH2,ASN,0.14800000000000002
743,7s13_H,cdrH2,ASP,
744,7s13_H,cdrH2,CYS,
745,7s13_H,cdrH2,GLN,
746,7s13_H,cdrH2,GLU,
747,7s13_H,cdrH2,GLY,
748,7s13_H,cdrH2,HIS,
749,7s13_H,cdrH2,ILE,2.2037
750,7s13_H,cdrH2,LEU,
751,7s13_H,cdrH2,LYS,
752,7s13_H,cdrH2,MET,
753,7s13_H,cdrH2,PHE,
754,7s13_H,cdrH2,PRO,
755,7s13_H,cdrH2,SER,1.6193
756,7s13_H,cdrH2,THR,0.1435
757,7s13_H,cdrH2,TRP,0.6329
758,7s13_H,cdrH2,TYR,
759,7s13_H,cdrH2,VAL,
800,7kkz_H,cdrH2,ALA,
801,7kkz_H,cdrH2,ARG,1.0963
802,7kkz_H,cdrH2,ASN,0.3438
803,7kkz_H,cdrH2,ASP,
804,7kkz_H,cdrH2,CYS,
805,7kkz_H,cdrH2,GLN,1.5448
806,7kkz_H,cdrH2,GLU,
807,7kkz_H,cdrH2,GLY,
808,7kkz_H,cdrH2,HIS,
809,7kkz_H,cdrH2,ILE,0.1887
810,7kkz_H,cdrH2,LEU,0.3911
811,7kkz_H,cdrH2,LYS,0.9658
812,7kkz_H,cdrH2,MET,
813,7kkz_H,cdrH2,PHE,
814,7kkz_H,cdrH2,PRO,
815,7kkz_H,cdrH2,SER,
816,7kkz_H,cdrH2,THR,0.061
817,7kkz_H,cdrH2,TRP,
818,7kkz_H,cdrH2,TYR,0.5022
819,7kkz_H,cdrH2,VAL,
840,7bbg_H,cdrH2,ALA,
841,7bbg_H,cdrH2,ARG,
842,7bbg_H,cdrH2,ASN,
843,7bbg_H,cdrH2,ASP,
844,7bbg_H,cdrH2,CYS,
845,7bbg_H,cdrH2,GLN,
846,7bbg_H,cdrH2,GLU,
847,7bbg_H,cdrH2,GLY,
848,7bbg_H,cdrH2,HIS,
849,7bbg_H,cdrH2,ILE,0.5682
850,7bbg_H,cdrH2,LEU,
851,7bbg_H,cdrH2,LYS,
852,7bbg_H,cdrH2,MET,
853,7bbg_H,cdrH2,PHE,1.7954
854,7bbg_H,cdrH2,PRO,0.2846
855,7bbg_H,cdrH2,SER,
856,7bbg_H,cdrH2,THR,0.3994
857,7bbg_H,cdrH2,TRP,
858,7bbg_H,cdrH2,TYR,
859,7bbg_H,cdrH2,VAL,
900,7n3g_H,cdrH2,ALA,
901,7n3g_H,cdrH2,ARG,
902,7n3g_H,cdrH2,ASN,
903,7n3g_H,cdrH2,ASP,
904,7n3g_H,cdrH2,CYS,
905,7n3g_H,cdrH2,GLN,
906,7n3g_H,cdrH2,GLU,
907,7n3g_H,cdrH2,GLY,
908,7n3g_H,cdrH2,HIS,
909,7n3g_H,cdrH2,ILE,0.1168
910,7n3g_H,cdrH2,LEU,
911,7n3g_H,cdrH2,LYS,
912,7n3g_H,cdrH2,MET,
913,7n3g_H,cdrH2,PHE,
914,7n3g_H,cdrH2,PRO,
915,7n3g_H,cdrH2,SER,0.3917
916,7n3g_H,cdrH2,THR,0.1117
917,7n3g_H,cdrH2,TRP,
918,7n3g_H,cdrH2,TYR,0.9379
919,7n3g_H,cdrH2,VAL,
940,7n4i_H,cdrH2,ALA,
941,7n4i_H,cdrH2,ARG,
942,7n4i_H,cdrH2,ASN,
943,7n4i_H,cdrH2,ASP,0.0668
944,7n4i_H,cdrH2,CYS,
945,7n4i_H,cdrH2,GLN,
946,7n4i_H,cdrH2,GLU,
947,7n4i_H,cdrH2,GLY,
948,7n4i_H,cdrH2,HIS,
949,7n4i_H,cdrH2,ILE,0.1075
950,7n4i_H,cdrH2,LEU,
951,7n4i_H,cdrH2,LYS,
952,7n4i_H,cdrH2,MET,
953,7n4i_H,cdrH2,PHE,
954,7n4i_H,cdrH2,PRO,0.0555
955,7n4i_H,cdrH2,SER,0.1449
956,7n4i_H,cdrH2,THR,0.5129
957,7n4i_H,cdrH2,TRP,
958,7n4i_H,cdrH2,TYR,1.6869999999999998
959,7n4i_H,cdrH2,VAL,
980,7s11_H,cdrH2,ALA,
981,7s11_H,cdrH2,ARG,
982,7s11_H,cdrH2,ASN,0.3736
983,7s11_H,cdrH2,ASP,
984,7s11_H,cdrH2,CYS,
985,7s11_H,cdrH2,GLN,
986,7s11_H,cdrH2,GLU,
987,7s11_H,cdrH2,GLY,
988,7s11_H,cdrH2,HIS,
989,7s11_H,cdrH2,ILE,2.5793
990,7s11_H,cdrH2,LEU,
991,7s11_H,cdrH2,LYS,
992,7s11_H,cdrH2,MET,
993,7s11_H,cdrH2,PHE,
994,7s11_H,cdrH2,PRO,
995,7s11_H,cdrH2,SER,0.3404
996,7s11_H,cdrH2,THR,0.2674
997,7s11_H,cdrH2,TRP,0.4153
998,7s11_H,cdrH2,TYR,
999,7s11_H,cdrH2,VAL,
1040,7bg1_H,cdrH2,ALA,
1041,7bg1_H,cdrH2,ARG,
1042,7bg1_H,cdrH2,ASN,0.1298
1043,7bg1_H,cdrH2,ASP,
1044,7bg1_H,cdrH2,CYS,
1045,7bg1_H,cdrH2,GLN,
1046,7bg1_H,cdrH2,GLU,
1047,7bg1_H,cdrH2,GLY,
1048,7bg1_H,cdrH2,HIS,
1049,7bg1_H,cdrH2,ILE,0.8298
1050,7bg1_H,cdrH2,LEU,
1051,7bg1_H,cdrH2,LYS,
1052,7bg1_H,cdrH2,MET,
1053,7bg1_H,cdrH2,PHE,
1054,7bg1_H,cdrH2,PRO,0.1462
1055,7bg1_H,cdrH2,SER,0.7071
1056,7bg1_H,cdrH2,THR,
1057,7bg1_H,cdrH2,TRP,
1058,7bg1_H,cdrH2,TYR,0.7889
1059,7bg1_H,cdrH2,VAL,
1140,7ora_H,cdrH2,ALA,
1141,7ora_H,cdrH2,ARG,
1142,7ora_H,cdrH2,ASN,0.6257
1143,7ora_H,cdrH2,ASP,
1144,7ora_H,cdrH2,CYS,
1145,7ora_H,cdrH2,GLN,
1146,7ora_H,cdrH2,GLU,
1147,7ora_H,cdrH2,GLY,
1148,7ora_H,cdrH2,HIS,
1149,7ora_H,cdrH2,ILE,0.0668
1150,7ora_H,cdrH2,LEU,
1151,7ora_H,cdrH2,LYS,
1152,7ora_H,cdrH2,MET,
1153,7ora_H,cdrH2,PHE,
1154,7ora_H,cdrH2,PRO,
1155,7ora_H,cdrH2,SER,0.1945
1156,7ora_H,cdrH2,THR,0.0206
1157,7ora_H,cdrH2,TRP,
1158,7ora_H,cdrH2,TYR,
1159,7ora_H,cdrH2,VAL,0.2764
1160,7e3o_H,cdrH2,ALA,
1161,7e3o_H,cdrH2,ARG,
1162,7e3o_H,cdrH2,ASN,1.8505
1163,7e3o_H,cdrH2,ASP,0.1973
1164,7e3o_H,cdrH2,CYS,
1165,7e3o_H,cdrH2,GLN,
1166,7e3o_H,cdrH2,GLU,
1167,7e3o_H,cdrH2,GLY,
1168,7e3o_H,cdrH2,HIS,
1169,7e3o_H,cdrH2,ILE,0.0932
1170,7e3o_H,cdrH2,LEU,
1171,7e3o_H,cdrH2,LYS,
1172,7e3o_H,cdrH2,MET,
1173,7e3o_H,cdrH2,PHE,
1174,7e3o_H,cdrH2,PRO,
1175,7e3o_H,cdrH2,SER,1.0164
1176,7e3o_H,cdrH2,THR,
1177,7e3o_H,cdrH2,TRP,
1178,7e3o_H,cdrH2,TYR,1.7609
1179,7e3o_H,cdrH2,VAL,
1200,7n0u_H,cdrH2,ALA,
1201,7n0u_H,cdrH2,ARG,
1202,7n0u_H,cdrH2,ASN,
1203,7n0u_H,cdrH2,ASP,
1204,7n0u_H,cdrH2,CYS,
1205,7n0u_H,cdrH2,GLN,
1206,7n0u_H,cdrH2,GLU,
1207,7n0u_H,cdrH2,GLY,
1208,7n0u_H,cdrH2,HIS,
1209,7n0u_H,cdrH2,ILE,0.1083
1210,7n0u_H,cdrH2,LEU,
1211,7n0u_H,cdrH2,LYS,
1212,7n0u_H,cdrH2,MET,
1213,7n0u_H,cdrH2,PHE,
1214,7n0u_H,cdrH2,PRO,
1215,7n0u_H,cdrH2,SER,1.3546
1216,7n0u_H,cdrH2,THR,0.1092
1217,7n0u_H,cdrH2,TRP,
1218,7n0u_H,cdrH2,TYR,2.8361
1219,7n0u_H,cdrH2,VAL,
1220,6xp6_H,cdrH2,ALA,
1221,6xp6_H,cdrH2,ARG,
1222,6xp6_H,cdrH2,ASN,
1223,6xp6_H,cdrH2,ASP,
1224,6xp6_H,cdrH2,CYS,
1225,6xp6_H,cdrH2,GLN,
1226,6xp6_H,cdrH2,GLU,
1227,6xp6_H,cdrH2,GLY,
1228,6xp6_H,cdrH2,HIS,
1229,6xp6_H,cdrH2,ILE,0.3769
1230,6xp6_H,cdrH2,LEU,
1231,6xp6_H,cdrH2,LYS,
1232,6xp6_H,cdrH2,MET,
1233,6xp6_H,cdrH2,PHE,4.8315
1234,6xp6_H,cdrH2,PRO,0.2747
1235,6xp6_H,cdrH2,SER,
1236,6xp6_H,cdrH2,THR,1.9978
1237,6xp6_H,cdrH2,TRP,
1238,6xp6_H,cdrH2,TYR,
1239,6xp6_H,cdrH2,VAL,
1280,6xlz_H,cdrH2,ALA,
1281,6xlz_H,cdrH2,ARG,
1282,6xlz_H,cdrH2,ASN,0.1923
1283,6xlz_H,cdrH2,ASP,0.1495
1284,6xlz_H,cdrH2,CYS,
1285,6xlz_H,cdrH2,GLN,
1286,6xlz_H,cdrH2,GLU,
1287,6xlz_H,cdrH2,GLY,
1288,6xlz_H,cdrH2,HIS,
1289,6xlz_H,cdrH2,ILE,2.1616
1290,6xlz_H,cdrH2,LEU,
1291,6xlz_H,cdrH2,LYS,
1292,6xlz_H,cdrH2,MET,
1293,6xlz_H,cdrH2,PHE,
1294,6xlz_H,cdrH2,PRO,
1295,6xlz_H,cdrH2,SER,1.6412
1296,6xlz_H,cdrH2,THR,0.7451
1297,6xlz_H,cdrH2,TRP,
1298,6xlz_H,cdrH2,TYR,
1299,6xlz_H,cdrH2,VAL,0.6643
1340,7n3h_H,cdrH2,ALA,
1341,7n3h_H,cdrH2,ARG,
1342,7n3h_H,cdrH2,ASN,
1343,7n3h_H,cdrH2,ASP,
1344,7n3h_H,cdrH2,CYS,
1345,7n3h_H,cdrH2,GLN,
1346,7n3h_H,cdrH2,GLU,
1347,7n3h_H,cdrH2,GLY,
1348,7n3h_H,cdrH2,HIS,
1349,7n3h_H,cdrH2,ILE,
1350,7n3h_H,cdrH2,LEU,
1351,7n3h_H,cdrH2,LYS,
1352,7n3h_H,cdrH2,MET,0.5297
1353,7n3h_H,cdrH2,PHE,
1354,7n3h_H,cdrH2,PRO,
1355,7n3h_H,cdrH2,SER,0.8097
1356,7n3h_H,cdrH2,THR,0.0819
1357,7n3h_H,cdrH2,TRP,
1358,7n3h_H,cdrH2,TYR,0.7681
1359,7n3h_H,cdrH2,VAL,
1360,7kn3_H,cdrH2,ALA,
1361,7kn3_H,cdrH2,ARG,
1362,7kn3_H,cdrH2,ASN,0.9774
1363,7kn3_H,cdrH2,ASP,0.1975
1364,7kn3_H,cdrH2,CYS,
1365,7kn3_H,cdrH2,GLN,
1366,7kn3_H,cdrH2,GLU,
1367,7kn3_H,cdrH2,GLY,
1368,7kn3_H,cdrH2,HIS,
1369,7kn3_H,cdrH2,ILE,0.11199999999999999
1370,7kn3_H,cdrH2,LEU,
1371,7kn3_H,cdrH2,LYS,
1372,7kn3_H,cdrH2,MET,
1373,7kn3_H,cdrH2,PHE,
1374,7kn3_H,cdrH2,PRO,
1375,7kn3_H,cdrH2,SER,1.4371
1376,7kn3_H,cdrH2,THR,1.8226
1377,7kn3_H,cdrH2,TRP,
1378,7kn3_H,cdrH2,TYR,1.8688
1379,7kn3_H,cdrH2,VAL,
1380,7mzf_H,cdrH2,ALA,
1381,7mzf_H,cdrH2,ARG,
1382,7mzf_H,cdrH2,ASN,
1383,7mzf_H,cdrH2,ASP,
1384,7mzf_H,cdrH2,CYS,
1385,7mzf_H,cdrH2,GLN,
1386,7mzf_H,cdrH2,GLU,
1387,7mzf_H,cdrH2,GLY,
1388,7mzf_H,cdrH2,HIS,
1389,7mzf_H,cdrH2,ILE,0.1877
1390,7mzf_H,cdrH2,LEU,
1391,7mzf_H,cdrH2,LYS,
1392,7mzf_H,cdrH2,MET,
1393,7mzf_H,cdrH2,PHE,
1394,7mzf_H,cdrH2,PRO,
1395,7mzf_H,cdrH2,SER,0.2475
1396,7mzf_H,cdrH2,THR,0.2783
1397,7mzf_H,cdrH2,TRP,
1398,7mzf_H,cdrH2,TYR,0.4871
1399,7mzf_H,cdrH2,VAL,
1420,7nx3_H,cdrH2,ALA,
1421,7nx3_H,cdrH2,ARG,
1422,7nx3_H,cdrH2,ASN,
1423,7nx3_H,cdrH2,ASP,0.1572
1424,7nx3_H,cdrH2,CYS,
1425,7nx3_H,cdrH2,GLN,
1426,7nx3_H,cdrH2,GLU,
1427,7nx3_H,cdrH2,GLY,
1428,7nx3_H,cdrH2,HIS,
1429,7nx3_H,cdrH2,ILE,0.1028
1430,7nx3_H,cdrH2,LEU,
1431,7nx3_H,cdrH2,LYS,
1432,7nx3_H,cdrH2,MET,
1433,7nx3_H,cdrH2,PHE,
1434,7nx3_H,cdrH2,PRO,0.2236
1435,7nx3_H,cdrH2,SER,
1436,7nx3_H,cdrH2,THR,0.0744
1437,7nx3_H,cdrH2,TRP,
1438,7nx3_H,cdrH2,TYR,1.6915
1439,7nx3_H,cdrH2,VAL,
1440,7kf1_H,cdrH2,ALA,
1441,7kf1_H,cdrH2,ARG,
1442,7kf1_H,cdrH2,ASN,2.7877
1443,7kf1_H,cdrH2,ASP,
1444,7kf1_H,cdrH2,CYS,
1445,7kf1_H,cdrH2,GLN,
1446,7kf1_H,cdrH2,GLU,
1447,7kf1_H,cdrH2,GLY,
1448,7kf1_H,cdrH2,HIS,
1449,7kf1_H,cdrH2,ILE,0.6071
1450,7kf1_H,cdrH2,LEU,
1451,7kf1_H,cdrH2,LYS,
1452,7kf1_H,cdrH2,MET,
1453,7kf1_H,cdrH2,PHE,
1454,7kf1_H,cdrH2,PRO,0.2671
1455,7kf1_H,cdrH2,SER,
1456,7kf1_H,cdrH2,THR,0.2378
1457,7kf1_H,cdrH2,TRP,
1458,7kf1_H,cdrH2,TYR,3.3786
1459,7kf1_H,cdrH2,VAL,
1460,7arn_H,cdrH2,ALA,
1461,7arn_H,cdrH2,ARG,
1462,7arn_H,cdrH2,ASN,2.9829
1463,7arn_H,cdrH2,ASP,
1464,7arn_H,cdrH2,CYS,
1465,7arn_H,cdrH2,GLN,
1466,7arn_H,cdrH2,GLU,
1467,7arn_H,cdrH2,GLY,
1468,7arn_H,cdrH2,HIS,
1469,7arn_H,cdrH2,ILE,0.0699
1470,7arn_H,cdrH2,LEU,
1471,7arn_H,cdrH2,LYS,
1472,7arn_H,cdrH2,MET,
1473,7arn_H,cdrH2,PHE,
1474,7arn_H,cdrH2,PRO,
1475,7arn_H,cdrH2,SER,0.5068
1476,7arn_H,cdrH2,THR,1.7427
1477,7arn_H,cdrH2,TRP,
1478,7arn_H,cdrH2,TYR,
1479,7arn_H,cdrH2,VAL,
1480,7rdm_H,cdrH2,ALA,
1481,7rdm_H,cdrH2,ARG,
1482,7rdm_H,cdrH2,ASN,
1483,7rdm_H,cdrH2,ASP,0.2331
1484,7rdm_H,cdrH2,CYS,
1485,7rdm_H,cdrH2,GLN,0.7374
1486,7rdm_H,cdrH2,GLU,
1487,7rdm_H,cdrH2,GLY,
1488,7rdm_H,cdrH2,HIS,1.5085
1489,7rdm_H,cdrH2,ILE,0.1295
1490,7rdm_H,cdrH2,LEU,0.1112
1491,7rdm_H,cdrH2,LYS,
1492,7rdm_H,cdrH2,MET,
1493,7rdm_H,cdrH2,PHE,
1494,7rdm_H,cdrH2,PRO,
1495,7rdm_H,cdrH2,SER,
1496,7rdm_H,cdrH2,THR,
1497,7rdm_H,cdrH2,TRP,
1498,7rdm_H,cdrH2,TYR,
1499,7rdm_H,cdrH2,VAL,1.8684
1500,7l7e_H,cdrH2,ALA,
1501,7l7e_H,cdrH2,ARG,
1502,7l7e_H,cdrH2,ASN,0.4058
1503,7l7e_H,cdrH2,ASP,
1504,7l7e_H,cdrH2,CYS,
1505,7l7e_H,cdrH2,GLN,
1506,7l7e_H,cdrH2,GLU,
1507,7l7e_H,cdrH2,GLY,
1508,7l7e_H,cdrH2,HIS,
1509,7l7e_H,cdrH2,ILE,0.2095
1510,7l7e_H,cdrH2,LEU,
1511,7l7e_H,cdrH2,LYS,
1512,7l7e_H,cdrH2,MET,
1513,7l7e_H,cdrH2,PHE,
1514,7l7e_H,cdrH2,PRO,
1515,7l7e_H,cdrH2,SER,0.43700000000000006
1516,7l7e_H,cdrH2,THR,0.0252
1517,7l7e_H,cdrH2,TRP,
1518,7l7e_H,cdrH2,TYR,
1519,7l7e_H,cdrH2,VAL,0.0437
1540,7r9d_H,cdrH2,ALA,
1541,7r9d_H,cdrH2,ARG,
1542,7r9d_H,cdrH2,ASN,
1543,7r9d_H,cdrH2,ASP,
1544,7r9d_H,cdrH2,CYS,
1545,7r9d_H,cdrH2,GLN,
1546,7r9d_H,cdrH2,GLU,
1547,7r9d_H,cdrH2,GLY,
1548,7r9d_H,cdrH2,HIS,
1549,7r9d_H,cdrH2,ILE,0.2169
1550,7r9d_H,cdrH2,LEU,
1551,7r9d_H,cdrH2,LYS,
1552,7r9d_H,cdrH2,MET,
1553,7r9d_H,cdrH2,PHE,
1554,7r9d_H,cdrH2,PRO,
1555,7r9d_H,cdrH2,SER,0.067
1556,7r9d_H,cdrH2,THR,0.183
1557,7r9d_H,cdrH2,TRP,
1558,7r9d_H,cdrH2,TYR,
1559,7r9d_H,cdrH2,VAL,
1620,7s4s_H,cdrH2,ALA,
1621,7s4s_H,cdrH2,ARG,
1622,7s4s_H,cdrH2,ASN,
1623,7s4s_H,cdrH2,ASP,
1624,7s4s_H,cdrH2,CYS,
1625,7s4s_H,cdrH2,GLN,
1626,7s4s_H,cdrH2,GLU,
1627,7s4s_H,cdrH2,GLY,
1628,7s4s_H,cdrH2,HIS,
1629,7s4s_H,cdrH2,ILE,0.1048
1630,7s4s_H,cdrH2,LEU,
1631,7s4s_H,cdrH2,LYS,
1632,7s4s_H,cdrH2,MET,
1633,7s4s_H,cdrH2,PHE,
1634,7s4s_H,cdrH2,PRO,
1635,7s4s_H,cdrH2,SER,0.3774
1636,7s4s_H,cdrH2,THR,0.0522
1637,7s4s_H,cdrH2,TRP,
1638,7s4s_H,cdrH2,TYR,1.6523
1639,7s4s_H,cdrH2,VAL,
1660,7n3d_H,cdrH2,ALA,
1661,7n3d_H,cdrH2,ARG,
1662,7n3d_H,cdrH2,ASN,1.7839
1663,7n3d_H,cdrH2,ASP,
1664,7n3d_H,cdrH2,CYS,
1665,7n3d_H,cdrH2,GLN,
1666,7n3d_H,cdrH2,GLU,
1667,7n3d_H,cdrH2,GLY,
1668,7n3d_H,cdrH2,HIS,
1669,7n3d_H,cdrH2,ILE,
1670,7n3d_H,cdrH2,LEU,
1671,7n3d_H,cdrH2,LYS,
1672,7n3d_H,cdrH2,MET,
1673,7n3d_H,cdrH2,PHE,
1674,7n3d_H,cdrH2,PRO,
1675,7n3d_H,cdrH2,SER,0.8624
1676,7n3d_H,cdrH2,THR,0.0602
1677,7n3d_H,cdrH2,TRP,
1678,7n3d_H,cdrH2,TYR,1.7234
1679,7n3d_H,cdrH2,VAL,0.0785
1680,7kez_H,cdrH2,ALA,
1681,7kez_H,cdrH2,ARG,
1682,7kez_H,cdrH2,ASN,2.6323
1683,7kez_H,cdrH2,ASP,
1684,7kez_H,cdrH2,CYS,
1685,7kez_H,cdrH2,GLN,
1686,7kez_H,cdrH2,GLU,
1687,7kez_H,cdrH2,GLY,
1688,7kez_H,cdrH2,HIS,
1689,7kez_H,cdrH2,ILE,0.7955
1690,7kez_H,cdrH2,LEU,
1691,7kez_H,cdrH2,LYS,
1692,7kez_H,cdrH2,MET,
1693,7kez_H,cdrH2,PHE,
1694,7kez_H,cdrH2,PRO,0.3557
1695,7kez_H,cdrH2,SER,
1696,7kez_H,cdrH2,THR,0.2329
1697,7kez_H,cdrH2,TRP,
1698,7kez_H,cdrH2,TYR,3.205
1699,7kez_H,cdrH2,VAL,
1700,7jkm_H,cdrH2,ALA,
1701,7jkm_H,cdrH2,ARG,
1702,7jkm_H,cdrH2,ASN,0.2717
1703,7jkm_H,cdrH2,ASP,
1704,7jkm_H,cdrH2,CYS,
1705,7jkm_H,cdrH2,GLN,
1706,7jkm_H,cdrH2,GLU,
1707,7jkm_H,cdrH2,GLY,
1708,7jkm_H,cdrH2,HIS,
1709,7jkm_H,cdrH2,ILE,0.17
1710,7jkm_H,cdrH2,LEU,
1711,7jkm_H,cdrH2,LYS,
1712,7jkm_H,cdrH2,MET,
1713,7jkm_H,cdrH2,PHE,
1714,7jkm_H,cdrH2,PRO,
1715,7jkm_H,cdrH2,SER,0.4604
1716,7jkm_H,cdrH2,THR,
1717,7jkm_H,cdrH2,TRP,0.4548
1718,7jkm_H,cdrH2,TYR,
1719,7jkm_H,cdrH2,VAL,
1740,7e72_H,cdrH2,ALA,
1741,7e72_H,cdrH2,ARG,
1742,7e72_H,cdrH2,ASN,
1743,7e72_H,cdrH2,ASP,0.2859
1744,7e72_H,cdrH2,CYS,
1745,7e72_H,cdrH2,GLN,
1746,7e72_H,cdrH2,GLU,1.4244
1747,7e72_H,cdrH2,GLY,
1748,7e72_H,cdrH2,HIS,0.5288
1749,7e72_H,cdrH2,ILE,0.2542
1750,7e72_H,cdrH2,LEU,
1751,7e72_H,cdrH2,LYS,
1752,7e72_H,cdrH2,MET,
1753,7e72_H,cdrH2,PHE,
1754,7e72_H,cdrH2,PRO,0.156
1755,7e72_H,cdrH2,SER,0.198
1756,7e72_H,cdrH2,THR,0.3651
1757,7e72_H,cdrH2,TRP,
1758,7e72_H,cdrH2,TYR,
1759,7e72_H,cdrH2,VAL,
1760,7n3f_H,cdrH2,ALA,
1761,7n3f_H,cdrH2,ARG,
1762,7n3f_H,cdrH2,ASN,
1763,7n3f_H,cdrH2,ASP,0.2667
1764,7n3f_H,cdrH2,CYS,
1765,7n3f_H,cdrH2,GLN,
1766,7n3f_H,cdrH2,GLU,
1767,7n3f_H,cdrH2,GLY,
1768,7n3f_H,cdrH2,HIS,
1769,7n3f_H,cdrH2,ILE,0.0808
1770,7n3f_H,cdrH2,LEU,
1771,7n3f_H,cdrH2,LYS,
1772,7n3f_H,cdrH2,MET,
1773,7n3f_H,cdrH2,PHE,
1774,7n3f_H,cdrH2,PRO,0.1222
1775,7n3f_H,cdrH2,SER,0.3927
1776,7n3f_H,cdrH2,THR,0.3589
1777,7n3f_H,cdrH2,TRP,
1778,7n3f_H,cdrH2,TYR,1.6809
1779,7n3f_H,cdrH2,VAL,
1820,7kyo_H,cdrH2,ALA,
1821,7kyo_H,cdrH2,ARG,
1822,7kyo_H,cdrH2,ASN,
1823,7kyo_H,cdrH2,ASP,
1824,7kyo_H,cdrH2,CYS,
1825,7kyo_H,cdrH2,GLN,
1826,7kyo_H,cdrH2,GLU,
1827,7kyo_H,cdrH2,GLY,
1828,7kyo_H,cdrH2,HIS,
1829,7kyo_H,cdrH2,ILE,0.1087
1830,7kyo_H,cdrH2,LEU,
1831,7kyo_H,cdrH2,LYS,
1832,7kyo_H,cdrH2,MET,
1833,7kyo_H,cdrH2,PHE,
1834,7kyo_H,cdrH2,PRO,
1835,7kyo_H,cdrH2,SER,0.5197
1836,7kyo_H,cdrH2,THR,0.2441
1837,7kyo_H,cdrH2,TRP,
1838,7kyo_H,cdrH2,TYR,
1839,7kyo_H,cdrH2,VAL,
1840,7e5o_H,cdrH2,ALA,
1841,7e5o_H,cdrH2,ARG,
1842,7e5o_H,cdrH2,ASN,0.0944
1843,7e5o_H,cdrH2,ASP,
1844,7e5o_H,cdrH2,CYS,
1845,7e5o_H,cdrH2,GLN,
1846,7e5o_H,cdrH2,GLU,
1847,7e5o_H,cdrH2,GLY,
1848,7e5o_H,cdrH2,HIS,3.9188
1849,7e5o_H,cdrH2,ILE,0.1698
1850,7e5o_H,cdrH2,LEU,
1851,7e5o_H,cdrH2,LYS,
1852,7e5o_H,cdrH2,MET,
1853,7e5o_H,cdrH2,PHE,
1854,7e5o_H,cdrH2,PRO,
1855,7e5o_H,cdrH2,SER,0.8514
1856,7e5o_H,cdrH2,THR,0.2303
1857,7e5o_H,cdrH2,TRP,
1858,7e5o_H,cdrH2,TYR,
1859,7e5o_H,cdrH2,VAL,
1860,7s0b_H,cdrH2,ALA,
1861,7s0b_H,cdrH2,ARG,
1862,7s0b_H,cdrH2,ASN,
1863,7s0b_H,cdrH2,ASP,
1864,7s0b_H,cdrH2,CYS,
1865,7s0b_H,cdrH2,GLN,
1866,7s0b_H,cdrH2,GLU,
1867,7s0b_H,cdrH2,GLY,
1868,7s0b_H,cdrH2,HIS,
1869,7s0b_H,cdrH2,ILE,0.1582
1870,7s0b_H,cdrH2,LEU,
1871,7s0b_H,cdrH2,LYS,
1872,7s0b_H,cdrH2,MET,
1873,7s0b_H,cdrH2,PHE,
1874,7s0b_H,cdrH2,PRO,
1875,7s0b_H,cdrH2,SER,0.1841
1876,7s0b_H,cdrH2,THR,0.0893
1877,7s0b_H,cdrH2,TRP,
1878,7s0b_H,cdrH2,TYR,
1879,7s0b_H,cdrH2,VAL,
1880,7n3c_H,cdrH2,ALA,
1881,7n3c_H,cdrH2,ARG,
1882,7n3c_H,cdrH2,ASN,1.4328
1883,7n3c_H,cdrH2,ASP,0.102
1884,7n3c_H,cdrH2,CYS,
1885,7n3c_H,cdrH2,GLN,
1886,7n3c_H,cdrH2,GLU,
1887,7n3c_H,cdrH2,GLY,
1888,7n3c_H,cdrH2,HIS,
1889,7n3c_H,cdrH2,ILE,0.1567
1890,7n3c_H,cdrH2,LEU,
1891,7n3c_H,cdrH2,LYS,
1892,7n3c_H,cdrH2,MET,
1893,7n3c_H,cdrH2,PHE,
1894,7n3c_H,cdrH2,PRO,0.1297
1895,7n3c_H,cdrH2,SER,0.2775
1896,7n3c_H,cdrH2,THR,0.1394
1897,7n3c_H,cdrH2,TRP,
1898,7n3c_H,cdrH2,TYR,
1899,7n3c_H,cdrH2,VAL,
1940,7mzh_H,cdrH2,ALA,
1941,7mzh_H,cdrH2,ARG,
1942,7mzh_H,cdrH2,ASN,0.3384
1943,7mzh_H,cdrH2,ASP,
1944,7mzh_H,cdrH2,CYS,
1945,7mzh_H,cdrH2,GLN,
1946,7mzh_H,cdrH2,GLU,
1947,7mzh_H,cdrH2,GLY,
1948,7mzh_H,cdrH2,HIS,
1949,7mzh_H,cdrH2,ILE,0.1181
1950,7mzh_H,cdrH2,LEU,
1951,7mzh_H,cdrH2,LYS,
1952,7mzh_H,cdrH2,MET,
1953,7mzh_H,cdrH2,PHE,
1954,7mzh_H,cdrH2,PRO,0.6975
1955,7mzh_H,cdrH2,SER,0.1206
1956,7mzh_H,cdrH2,THR,0.0779
1957,7mzh_H,cdrH2,TRP,
1958,7mzh_H,cdrH2,TYR,
1959,7mzh_H,cdrH2,VAL,
2080,7o4y_H,cdrH2,ALA,
2081,7o4y_H,cdrH2,ARG,2.3673
2082,7o4y_H,cdrH2,ASN,1.5472
2083,7o4y_H,cdrH2,ASP,
2084,7o4y_H,cdrH2,CYS,
2085,7o4y_H,cdrH2,GLN,
2086,7o4y_H,cdrH2,GLU,
2087,7o4y_H,cdrH2,GLY,
2088,7o4y_H,cdrH2,HIS,
2089,7o4y_H,cdrH2,ILE,
2090,7o4y_H,cdrH2,LEU,
2091,7o4y_H,cdrH2,LYS,2.5069999999999997
2092,7o4y_H,cdrH2,MET,
2093,7o4y_H,cdrH2,PHE,
2094,7o4y_H,cdrH2,PRO,
2095,7o4y_H,cdrH2,SER,1.3403
2096,7o4y_H,cdrH2,THR,0.1097
2097,7o4y_H,cdrH2,TRP,0.1731
2098,7o4y_H,cdrH2,TYR,1.7408
2099,7o4y_H,cdrH2,VAL,
2100,7lyw_H,cdrH2,ALA,
2101,7lyw_H,cdrH2,ARG,2.7771
2102,7lyw_H,cdrH2,ASN,1.4837
2103,7lyw_H,cdrH2,ASP,
2104,7lyw_H,cdrH2,CYS,
2105,7lyw_H,cdrH2,GLN,
2106,7lyw_H,cdrH2,GLU,
2107,7lyw_H,cdrH2,GLY,
2108,7lyw_H,cdrH2,HIS,
2109,7lyw_H,cdrH2,ILE,0.1778
2110,7lyw_H,cdrH2,LEU,
2111,7lyw_H,cdrH2,LYS,
2112,7lyw_H,cdrH2,MET,
2113,7lyw_H,cdrH2,PHE,
2114,7lyw_H,cdrH2,PRO,
2115,7lyw_H,cdrH2,SER,
2116,7lyw_H,cdrH2,THR,0.0606
2117,7lyw_H,cdrH2,TRP,
2118,7lyw_H,cdrH2,TYR,
2119,7lyw_H,cdrH2,VAL,
2120,7rdk_H,cdrH2,ALA,
2121,7rdk_H,cdrH2,ARG,
2122,7rdk_H,cdrH2,ASN,0.3678
2123,7rdk_H,cdrH2,ASP,
2124,7rdk_H,cdrH2,CYS,
2125,7rdk_H,cdrH2,GLN,
2126,7rdk_H,cdrH2,GLU,1.4796
2127,7rdk_H,cdrH2,GLY,
2128,7rdk_H,cdrH2,HIS,1.5055
2129,7rdk_H,cdrH2,ILE,0.2186
2130,7rdk_H,cdrH2,LEU,
2131,7rdk_H,cdrH2,LYS,
2132,7rdk_H,cdrH2,MET,
2133,7rdk_H,cdrH2,PHE,
2134,7rdk_H,cdrH2,PRO,
2135,7rdk_H,cdrH2,SER,1.5899
2136,7rdk_H,cdrH2,THR,0.0599
2137,7rdk_H,cdrH2,TRP,
2138,7rdk_H,cdrH2,TYR,
2139,7rdk_H,cdrH2,VAL,
2140,7o31_H,cdrH2,ALA,
2141,7o31_H,cdrH2,ARG,
2142,7o31_H,cdrH2,ASN,0.5917
2143,7o31_H,cdrH2,ASP,
2144,7o31_H,cdrH2,CYS,
2145,7o31_H,cdrH2,GLN,
2146,7o31_H,cdrH2,GLU,
2147,7o31_H,cdrH2,GLY,
2148,7o31_H,cdrH2,HIS,
2149,7o31_H,cdrH2,ILE,0.306
2150,7o31_H,cdrH2,LEU,
2151,7o31_H,cdrH2,LYS,
2152,7o31_H,cdrH2,MET,
2153,7o31_H,cdrH2,PHE,
2154,7o31_H,cdrH2,PRO,
2155,7o31_H,cdrH2,SER,0.1175
2156,7o31_H,cdrH2,THR,0.1501
2157,7o31_H,cdrH2,TRP,
2158,7o31_H,cdrH2,TYR,
2159,7o31_H,cdrH2,VAL,
2180,7cj2_H,cdrH2,ALA,
2181,7cj2_H,cdrH2,ARG,
2182,7cj2_H,cdrH2,ASN,
2183,7cj2_H,cdrH2,ASP,
2184,7cj2_H,cdrH2,CYS,
2185,7cj2_H,cdrH2,GLN,
2186,7cj2_H,cdrH2,GLU,
2187,7cj2_H,cdrH2,GLY,
2188,7cj2_H,cdrH2,HIS,
2189,7cj2_H,cdrH2,ILE,0.1806
2190,7cj2_H,cdrH2,LEU,
2191,7cj2_H,cdrH2,LYS,
2192,7cj2_H,cdrH2,MET,
2193,7cj2_H,cdrH2,PHE,
2194,7cj2_H,cdrH2,PRO,
2195,7cj2_H,cdrH2,SER,0.8507
2196,7cj2_H,cdrH2,THR,0.0682
2197,7cj2_H,cdrH2,TRP,
2198,7cj2_H,cdrH2,TYR,
2199,7cj2_H,cdrH2,VAL,
2200,7mf7_H,cdrH2,ALA,
2201,7mf7_H,cdrH2,ARG,
2202,7mf7_H,cdrH2,ASN,
2203,7mf7_H,cdrH2,ASP,
2204,7mf7_H,cdrH2,CYS,
2205,7mf7_H,cdrH2,GLN,
2206,7mf7_H,cdrH2,GLU,2.6283
2207,7mf7_H,cdrH2,GLY,
2208,7mf7_H,cdrH2,HIS,
2209,7mf7_H,cdrH2,ILE,0.2371
2210,7mf7_H,cdrH2,LEU,
2211,7mf7_H,cdrH2,LYS,
2212,7mf7_H,cdrH2,MET,
2213,7mf7_H,cdrH2,PHE,
2214,7mf7_H,cdrH2,PRO,0.1432
2215,7mf7_H,cdrH2,SER,0.1625
2216,7mf7_H,cdrH2,THR,0.0677
2217,7mf7_H,cdrH2,TRP,1.0851
2218,7mf7_H,cdrH2,TYR,
2219,7mf7_H,cdrH2,VAL,0.2921
2240,7s3m_H,cdrH2,ALA,
2241,7s3m_H,cdrH2,ARG,
2242,7s3m_H,cdrH2,ASN,0.2294
2243,7s3m_H,cdrH2,ASP,
2244,7s3m_H,cdrH2,CYS,
2245,7s3m_H,cdrH2,GLN,
2246,7s3m_H,cdrH2,GLU,
2247,7s3m_H,cdrH2,GLY,
2248,7s3m_H,cdrH2,HIS,
2249,7s3m_H,cdrH2,ILE,1.0147
2250,7s3m_H,cdrH2,LEU,
2251,7s3m_H,cdrH2,LYS,
2252,7s3m_H,cdrH2,MET,
2253,7s3m_H,cdrH2,PHE,
2254,7s3m_H,cdrH2,PRO,0.3055
2255,7s3m_H,cdrH2,SER,
2256,7s3m_H,cdrH2,THR,0.3181
2257,7s3m_H,cdrH2,TRP,
2258,7s3m_H,cdrH2,TYR,1.7741
2259,7s3m_H,cdrH2,VAL,
2280,7kf0_H,cdrH2,ALA,
2281,7kf0_H,cdrH2,ARG,
2282,7kf0_H,cdrH2,ASN,2.7197
2283,7kf0_H,cdrH2,ASP,
2284,7kf0_H,cdrH2,CYS,
2285,7kf0_H,cdrH2,GLN,
2286,7kf0_H,cdrH2,GLU,
2287,7kf0_H,cdrH2,GLY,
2288,7kf0_H,cdrH2,HIS,
2289,7kf0_H,cdrH2,ILE,0.2708
2290,7kf0_H,cdrH2,LEU,
2291,7kf0_H,cdrH2,LYS,
2292,7kf0_H,cdrH2,MET,
2293,7kf0_H,cdrH2,PHE,
2294,7kf0_H,cdrH2,PRO,0.4962
2295,7kf0_H,cdrH2,SER,
2296,7kf0_H,cdrH2,THR,0.1736
2297,7kf0_H,cdrH2,TRP,
2298,7kf0_H,cdrH2,TYR,3.218
2299,7kf0_H,cdrH2,VAL,
2340,7keo_H,cdrH2,ALA,
2341,7keo_H,cdrH2,ARG,
2342,7keo_H,cdrH2,ASN,
2343,7keo_H,cdrH2,ASP,
2344,7keo_H,cdrH2,CYS,
2345,7keo_H,cdrH2,GLN,
2346,7keo_H,cdrH2,GLU,
2347,7keo_H,cdrH2,GLY,
2348,7keo_H,cdrH2,HIS,
2349,7keo_H,cdrH2,ILE,1.9123
2350,7keo_H,cdrH2,LEU,
2351,7keo_H,cdrH2,LYS,
2352,7keo_H,cdrH2,MET,
2353,7keo_H,cdrH2,PHE,
2354,7keo_H,cdrH2,PRO,
2355,7keo_H,cdrH2,SER,0.6417
2356,7keo_H,cdrH2,THR,0.21600000000000003
2357,7keo_H,cdrH2,TRP,
2358,7keo_H,cdrH2,TYR,1.7886
2359,7keo_H,cdrH2,VAL,
2360,7aj6_H,cdrH2,ALA,
2361,7aj6_H,cdrH2,ARG,
2362,7aj6_H,cdrH2,ASN,
2363,7aj6_H,cdrH2,ASP,
2364,7aj6_H,cdrH2,CYS,
2365,7aj6_H,cdrH2,GLN,
2366,7aj6_H,cdrH2,GLU,
2367,7aj6_H,cdrH2,GLY,
2368,7aj6_H,cdrH2,HIS,0.8689
2369,7aj6_H,cdrH2,ILE,
2370,7aj6_H,cdrH2,LEU,0.2416
2371,7aj6_H,cdrH2,LYS,3.2633
2372,7aj6_H,cdrH2,MET,1.4655
2373,7aj6_H,cdrH2,PHE,
2374,7aj6_H,cdrH2,PRO,
2375,7aj6_H,cdrH2,SER,
2376,7aj6_H,cdrH2,THR,
2377,7aj6_H,cdrH2,TRP,
2378,7aj6_H,cdrH2,TYR,
2379,7aj6_H,cdrH2,VAL,0.0636
2400,7lfa_H,cdrH2,ALA,
2401,7lfa_H,cdrH2,ARG,
2402,7lfa_H,cdrH2,ASN,
2403,7lfa_H,cdrH2,ASP,0.2274
2404,7lfa_H,cdrH2,CYS,
2405,7lfa_H,cdrH2,GLN,
2406,7lfa_H,cdrH2,GLU,
2407,7lfa_H,cdrH2,GLY,
2408,7lfa_H,cdrH2,HIS,
2409,7lfa_H,cdrH2,ILE,0.0649
2410,7lfa_H,cdrH2,LEU,
2411,7lfa_H,cdrH2,LYS,
2412,7lfa_H,cdrH2,MET,
2413,7lfa_H,cdrH2,PHE,
2414,7lfa_H,cdrH2,PRO,0.1201
2415,7lfa_H,cdrH2,SER,
2416,7lfa_H,cdrH2,THR,0.109
2417,7lfa_H,cdrH2,TRP,
2418,7lfa_H,cdrH2,TYR,1.7169
2419,7lfa_H,cdrH2,VAL,
2440,7m2i_H,cdrH2,ALA,
2441,7m2i_H,cdrH2,ARG,2.6864
2442,7m2i_H,cdrH2,ASN,
2443,7m2i_H,cdrH2,ASP,
2444,7m2i_H,cdrH2,CYS,
2445,7m2i_H,cdrH2,GLN,
2446,7m2i_H,cdrH2,GLU,
2447,7m2i_H,cdrH2,GLY,
2448,7m2i_H,cdrH2,HIS,
2449,7m2i_H,cdrH2,ILE,1.2659
2450,7m2i_H,cdrH2,LEU,
2451,7m2i_H,cdrH2,LYS,
2452,7m2i_H,cdrH2,MET,
2453,7m2i_H,cdrH2,PHE,
2454,7m2i_H,cdrH2,PRO,0.0677
2455,7m2i_H,cdrH2,SER,1.0652
2456,7m2i_H,cdrH2,THR,
2457,7m2i_H,cdrH2,TRP,
2458,7m2i_H,cdrH2,TYR,4.7388
2459,7m2i_H,cdrH2,VAL,
2460,7rah_H,cdrH2,ALA,
2461,7rah_H,cdrH2,ARG,
2462,7rah_H,cdrH2,ASN,
2463,7rah_H,cdrH2,ASP,
2464,7rah_H,cdrH2,CYS,
2465,7rah_H,cdrH2,GLN,
2466,7rah_H,cdrH2,GLU,
2467,7rah_H,cdrH2,GLY,
2468,7rah_H,cdrH2,HIS,
2469,7rah_H,cdrH2,ILE,0.6133
2470,7rah_H,cdrH2,LEU,
2471,7rah_H,cdrH2,LYS,
2472,7rah_H,cdrH2,MET,
2473,7rah_H,cdrH2,PHE,
2474,7rah_H,cdrH2,PRO,
2475,7rah_H,cdrH2,SER,0.2725
2476,7rah_H,cdrH2,THR,0.5996
2477,7rah_H,cdrH2,TRP,
2478,7rah_H,cdrH2,TYR,1.6981
2479,7rah_H,cdrH2,VAL,
2480,7rnj_H,cdrH2,ALA,
2481,7rnj_H,cdrH2,ARG,
2482,7rnj_H,cdrH2,ASN,2.5044
2483,7rnj_H,cdrH2,ASP,
2484,7rnj_H,cdrH2,CYS,
2485,7rnj_H,cdrH2,GLN,
2486,7rnj_H,cdrH2,GLU,
2487,7rnj_H,cdrH2,GLY,
2488,7rnj_H,cdrH2,HIS,1.6827
2489,7rnj_H,cdrH2,ILE,0.1378
2490,7rnj_H,cdrH2,LEU,
2491,7rnj_H,cdrH2,LYS,
2492,7rnj_H,cdrH2,MET,
2493,7rnj_H,cdrH2,PHE,
2494,7rnj_H,cdrH2,PRO,0.3612
2495,7rnj_H,cdrH2,SER,0.017
2496,7rnj_H,cdrH2,THR,0.0686
2497,7rnj_H,cdrH2,TRP,
2498,7rnj_H,cdrH2,TYR,
2499,7rnj_H,cdrH2,VAL,0.106
2540,7rks_H,cdrH2,ALA,
2541,7rks_H,cdrH2,ARG,
2542,7rks_H,cdrH2,ASN,1.6279
2543,7rks_H,cdrH2,ASP,0.349
2544,7rks_H,cdrH2,CYS,
2545,7rks_H,cdrH2,GLN,
2546,7rks_H,cdrH2,GLU,
2547,7rks_H,cdrH2,GLY,
2548,7rks_H,cdrH2,HIS,
2549,7rks_H,cdrH2,ILE,0.1895
2550,7rks_H,cdrH2,LEU,
2551,7rks_H,cdrH2,LYS,2.0580000000000003
2552,7rks_H,cdrH2,MET,
2553,7rks_H,cdrH2,PHE,
2554,7rks_H,cdrH2,PRO,
2555,7rks_H,cdrH2,SER,0.1747
2556,7rks_H,cdrH2,THR,
2557,7rks_H,cdrH2,TRP,
2558,7rks_H,cdrH2,TYR,1.7251
2559,7rks_H,cdrH2,VAL,
2560,7o2z_H,cdrH2,ALA,
2561,7o2z_H,cdrH2,ARG,
2562,7o2z_H,cdrH2,ASN,
2563,7o2z_H,cdrH2,ASP,0.6626
2564,7o2z_H,cdrH2,CYS,
2565,7o2z_H,cdrH2,GLN,
2566,7o2z_H,cdrH2,GLU,
2567,7o2z_H,cdrH2,GLY,
2568,7o2z_H,cdrH2,HIS,
2569,7o2z_H,cdrH2,ILE,0.1572
2570,7o2z_H,cdrH2,LEU,
2571,7o2z_H,cdrH2,LYS,0.2122
2572,7o2z_H,cdrH2,MET,
2573,7o2z_H,cdrH2,PHE,
2574,7o2z_H,cdrH2,PRO,
2575,7o2z_H,cdrH2,SER,
2576,7o2z_H,cdrH2,THR,0.1136
2577,7o2z_H,cdrH2,TRP,1.8275
2578,7o2z_H,cdrH2,TYR,
2579,7o2z_H,cdrH2,VAL,
2620,7lfb_H,cdrH2,ALA,
2621,7lfb_H,cdrH2,ARG,
2622,7lfb_H,cdrH2,ASN,0.7816
2623,7lfb_H,cdrH2,ASP,
2624,7lfb_H,cdrH2,CYS,
2625,7lfb_H,cdrH2,GLN,2.1868
2626,7lfb_H,cdrH2,GLU,
2627,7lfb_H,cdrH2,GLY,
2628,7lfb_H,cdrH2,HIS,
2629,7lfb_H,cdrH2,ILE,0.0733
2630,7lfb_H,cdrH2,LEU,
2631,7lfb_H,cdrH2,LYS,
2632,7lfb_H,cdrH2,MET,
2633,7lfb_H,cdrH2,PHE,
2634,7lfb_H,cdrH2,PRO,
2635,7lfb_H,cdrH2,SER,
2636,7lfb_H,cdrH2,THR,0.0718
2637,7lfb_H,cdrH2,TRP,
2638,7lfb_H,cdrH2,TYR,
2639,7lfb_H,cdrH2,VAL,
2640,7o33_H,cdrH2,ALA,
2641,7o33_H,cdrH2,ARG,
2642,7o33_H,cdrH2,ASN,0.7001
2643,7o33_H,cdrH2,ASP,
2644,7o33_H,cdrH2,CYS,
2645,7o33_H,cdrH2,GLN,
2646,7o33_H,cdrH2,GLU,
2647,7o33_H,cdrH2,GLY,
2648,7o33_H,cdrH2,HIS,0.7034
2649,7o33_H,cdrH2,ILE,0.1702
2650,7o33_H,cdrH2,LEU,
2651,7o33_H,cdrH2,LYS,
2652,7o33_H,cdrH2,MET,
2653,7o33_H,cdrH2,PHE,
2654,7o33_H,cdrH2,PRO,0.1453
2655,7o33_H,cdrH2,SER,0.121
2656,7o33_H,cdrH2,THR,0.2348
2657,7o33_H,cdrH2,TRP,
2658,7o33_H,cdrH2,TYR,
2659,7o33_H,cdrH2,VAL,
2660,6xsn_H,cdrH2,ALA,
2661,6xsn_H,cdrH2,ARG,0.3923
2662,6xsn_H,cdrH2,ASN,
2663,6xsn_H,cdrH2,ASP,2.4364
2664,6xsn_H,cdrH2,CYS,
2665,6xsn_H,cdrH2,GLN,
2666,6xsn_H,cdrH2,GLU,
2667,6xsn_H,cdrH2,GLY,
2668,6xsn_H,cdrH2,HIS,
2669,6xsn_H,cdrH2,ILE,0.153
2670,6xsn_H,cdrH2,LEU,
2671,6xsn_H,cdrH2,LYS,
2672,6xsn_H,cdrH2,MET,
2673,6xsn_H,cdrH2,PHE,
2674,6xsn_H,cdrH2,PRO,0.5343
2675,6xsn_H,cdrH2,SER,
2676,6xsn_H,cdrH2,THR,1.7778
2677,6xsn_H,cdrH2,TRP,
2678,6xsn_H,cdrH2,TYR,5.5468
2679,6xsn_H,cdrH2,VAL,
2720,7n3e_H,cdrH3,ALA,
2721,7n3e_H,cdrH3,ARG,0.5786
2722,7n3e_H,cdrH3,ASN,
2723,7n3e_H,cdrH3,ASP,0.8105
2724,7n3e_H,cdrH3,CYS,
2725,7n3e_H,cdrH3,GLN,
2726,7n3e_H,cdrH3,GLU,
2727,7n3e_H,cdrH3,GLY,
2728,7n3e_H,cdrH3,HIS,
2729,7n3e_H,cdrH3,ILE,
2730,7n3e_H,cdrH3,LEU,2.1382
2731,7n3e_H,cdrH3,LYS,
2732,7n3e_H,cdrH3,MET,
2733,7n3e_H,cdrH3,PHE,1.8992
2734,7n3e_H,cdrH3,PRO,
2735,7n3e_H,cdrH3,SER,
2736,7n3e_H,cdrH3,THR,
2737,7n3e_H,cdrH3,TRP,1.2844
2738,7n3e_H,cdrH3,TYR,0.4152
2739,7n3e_H,cdrH3,VAL,1.0695
2740,6xsw_H,cdrH3,ALA,
2741,6xsw_H,cdrH3,ARG,2.5113
2742,6xsw_H,cdrH3,ASN,2.1352
2743,6xsw_H,cdrH3,ASP,
2744,6xsw_H,cdrH3,CYS,
2745,6xsw_H,cdrH3,GLN,
2746,6xsw_H,cdrH3,GLU,2.7589
2747,6xsw_H,cdrH3,GLY,
2748,6xsw_H,cdrH3,HIS,
2749,6xsw_H,cdrH3,ILE,0.3427
2750,6xsw_H,cdrH3,LEU,
2751,6xsw_H,cdrH3,LYS,
2752,6xsw_H,cdrH3,MET,
2753,6xsw_H,cdrH3,PHE,1.8879
2754,6xsw_H,cdrH3,PRO,
2755,6xsw_H,cdrH3,SER,
2756,6xsw_H,cdrH3,THR,
2757,6xsw_H,cdrH3,TRP,5.1636
2758,6xsw_H,cdrH3,TYR,1.7485
2759,6xsw_H,cdrH3,VAL,
2800,7mzg_H,cdrH3,ALA,
2801,7mzg_H,cdrH3,ARG,1.5396
2802,7mzg_H,cdrH3,ASN,
2803,7mzg_H,cdrH3,ASP,0.3269
2804,7mzg_H,cdrH3,CYS,
2805,7mzg_H,cdrH3,GLN,
2806,7mzg_H,cdrH3,GLU,
2807,7mzg_H,cdrH3,GLY,
2808,7mzg_H,cdrH3,HIS,
2809,7mzg_H,cdrH3,ILE,
2810,7mzg_H,cdrH3,LEU,
2811,7mzg_H,cdrH3,LYS,
2812,7mzg_H,cdrH3,MET,1.169
2813,7mzg_H,cdrH3,PHE,
2814,7mzg_H,cdrH3,PRO,
2815,7mzg_H,cdrH3,SER,
2816,7mzg_H,cdrH3,THR,
2817,7mzg_H,cdrH3,TRP,
2818,7mzg_H,cdrH3,TYR,2.8054
2819,7mzg_H,cdrH3,VAL,1.0622
2860,7daa_H,cdrH3,ALA,
2861,7daa_H,cdrH3,ARG,1.5388
2862,7daa_H,cdrH3,ASN,
2863,7daa_H,cdrH3,ASP,0.149
2864,7daa_H,cdrH3,CYS,
2865,7daa_H,cdrH3,GLN,
2866,7daa_H,cdrH3,GLU,
2867,7daa_H,cdrH3,GLY,
2868,7daa_H,cdrH3,HIS,
2869,7daa_H,cdrH3,ILE,0.9697
2870,7daa_H,cdrH3,LEU,
2871,7daa_H,cdrH3,LYS,
2872,7daa_H,cdrH3,MET,
2873,7daa_H,cdrH3,PHE,
2874,7daa_H,cdrH3,PRO,
2875,7daa_H,cdrH3,SER,0.7169
2876,7daa_H,cdrH3,THR,
2877,7daa_H,cdrH3,TRP,
2878,7daa_H,cdrH3,TYR,1.8311
2879,7daa_H,cdrH3,VAL,
2880,7kba_H,cdrH3,ALA,
2881,7kba_H,cdrH3,ARG,3.2843
2882,7kba_H,cdrH3,ASN,
2883,7kba_H,cdrH3,ASP,1.0847
2884,7kba_H,cdrH3,CYS,
2885,7kba_H,cdrH3,GLN,
2886,7kba_H,cdrH3,GLU,
2887,7kba_H,cdrH3,GLY,
2888,7kba_H,cdrH3,HIS,3.6518
2889,7kba_H,cdrH3,ILE,1.1548
2890,7kba_H,cdrH3,LEU,
2891,7kba_H,cdrH3,LYS,
2892,7kba_H,cdrH3,MET,
2893,7kba_H,cdrH3,PHE,2.0089
2894,7kba_H,cdrH3,PRO,0.1749
2895,7kba_H,cdrH3,SER,0.5056
2896,7kba_H,cdrH3,THR,0.4219
2897,7kba_H,cdrH3,TRP,
2898,7kba_H,cdrH3,TYR,1.9615
2899,7kba_H,cdrH3,VAL,
3000,7ahu_H,cdrH3,ALA,
3001,7ahu_H,cdrH3,ARG,1.775
3002,7ahu_H,cdrH3,ASN,2.6988
3003,7ahu_H,cdrH3,ASP,0.3643
3004,7ahu_H,cdrH3,CYS,
3005,7ahu_H,cdrH3,GLN,
3006,7ahu_H,cdrH3,GLU,1.6880000000000002
3007,7ahu_H,cdrH3,GLY,
3008,7ahu_H,cdrH3,HIS,2.2697
3009,7ahu_H,cdrH3,ILE,
3010,7ahu_H,cdrH3,LEU,2.0426
3011,7ahu_H,cdrH3,LYS,
3012,7ahu_H,cdrH3,MET,
3013,7ahu_H,cdrH3,PHE,1.9814
3014,7ahu_H,cdrH3,PRO,
3015,7ahu_H,cdrH3,SER,1.7409
3016,7ahu_H,cdrH3,THR,
3017,7ahu_H,cdrH3,TRP,
3018,7ahu_H,cdrH3,TYR,3.1376
3019,7ahu_H,cdrH3,VAL,0.2373
3020,7oo2_H,cdrH3,ALA,
3021,7oo2_H,cdrH3,ARG,2.0008
3022,7oo2_H,cdrH3,ASN,2.0321
3023,7oo2_H,cdrH3,ASP,
3024,7oo2_H,cdrH3,CYS,
3025,7oo2_H,cdrH3,GLN,
3026,7oo2_H,cdrH3,GLU,
3027,7oo2_H,cdrH3,GLY,
3028,7oo2_H,cdrH3,HIS,
3029,7oo2_H,cdrH3,ILE,
3030,7oo2_H,cdrH3,LEU,
3031,7oo2_H,cdrH3,LYS,
3032,7oo2_H,cdrH3,MET,
3033,7oo2_H,cdrH3,PHE,1.4255
3034,7oo2_H,cdrH3,PRO,
3035,7oo2_H,cdrH3,SER,
3036,7oo2_H,cdrH3,THR,
3037,7oo2_H,cdrH3,TRP,
3038,7oo2_H,cdrH3,TYR,1.8599
3039,7oo2_H,cdrH3,VAL,
3060,7mzk_H,cdrH3,ALA,
3061,7mzk_H,cdrH3,ARG,2.3084
3062,7mzk_H,cdrH3,ASN,2.2415
3063,7mzk_H,cdrH3,ASP,0.9237
3064,7mzk_H,cdrH3,CYS,
3065,7mzk_H,cdrH3,GLN,
3066,7mzk_H,cdrH3,GLU,
3067,7mzk_H,cdrH3,GLY,
3068,7mzk_H,cdrH3,HIS,
3069,7mzk_H,cdrH3,ILE,0.2638
3070,7mzk_H,cdrH3,LEU,
3071,7mzk_H,cdrH3,LYS,1.7708
3072,7mzk_H,cdrH3,MET,2.1875
3073,7mzk_H,cdrH3,PHE,3.6349
3074,7mzk_H,cdrH3,PRO,
3075,7mzk_H,cdrH3,SER,
3076,7mzk_H,cdrH3,THR,0.5098
3077,7mzk_H,cdrH3,TRP,1.0714
3078,7mzk_H,cdrH3,TYR,
3079,7mzk_H,cdrH3,VAL,1.0498
3100,7e9b_H,cdrH3,ALA,
3101,7e9b_H,cdrH3,ARG,
3102,7e9b_H,cdrH3,ASN,
3103,7e9b_H,cdrH3,ASP,2.5894
3104,7e9b_H,cdrH3,CYS,
3105,7e9b_H,cdrH3,GLN,
3106,7e9b_H,cdrH3,GLU,
3107,7e9b_H,cdrH3,GLY,
3108,7e9b_H,cdrH3,HIS,
3109,7e9b_H,cdrH3,ILE,0.2023
3110,7e9b_H,cdrH3,LEU,
3111,7e9b_H,cdrH3,LYS,
3112,7e9b_H,cdrH3,MET,
3113,7e9b_H,cdrH3,PHE,1.8127
3114,7e9b_H,cdrH3,PRO,
3115,7e9b_H,cdrH3,SER,0.4458
3116,7e9b_H,cdrH3,THR,
3117,7e9b_H,cdrH3,TRP,
3118,7e9b_H,cdrH3,TYR,3.4472
3119,7e9b_H,cdrH3,VAL,2.1087
3160,7rdl_H,cdrH3,ALA,
3161,7rdl_H,cdrH3,ARG,2.1269
3162,7rdl_H,cdrH3,ASN,1.3022
3163,7rdl_H,cdrH3,ASP,0.4993
3164,7rdl_H,cdrH3,CYS,2.1535
3165,7rdl_H,cdrH3,GLN,
3166,7rdl_H,cdrH3,GLU,
3167,7rdl_H,cdrH3,GLY,
3168,7rdl_H,cdrH3,HIS,3.3877
3169,7rdl_H,cdrH3,ILE,
3170,7rdl_H,cdrH3,LEU,
3171,7rdl_H,cdrH3,LYS,1.4973
3172,7rdl_H,cdrH3,MET,
3173,7rdl_H,cdrH3,PHE,2.0434
3174,7rdl_H,cdrH3,PRO,0.3146
3175,7rdl_H,cdrH3,SER,
3176,7rdl_H,cdrH3,THR,2.2539
3177,7rdl_H,cdrH3,TRP,4.6368
3178,7rdl_H,cdrH3,TYR,4.0296
3179,7rdl_H,cdrH3,VAL,1.1426
3240,7or9_H,cdrH3,ALA,
3241,7or9_H,cdrH3,ARG,1.7441
3242,7or9_H,cdrH3,ASN,
3243,7or9_H,cdrH3,ASP,1.858
3244,7or9_H,cdrH3,CYS,
3245,7or9_H,cdrH3,GLN,
3246,7or9_H,cdrH3,GLU,
3247,7or9_H,cdrH3,GLY,
3248,7or9_H,cdrH3,HIS,0.4656
3249,7or9_H,cdrH3,ILE,2.1338
3250,7or9_H,cdrH3,LEU,0.6121
3251,7or9_H,cdrH3,LYS,
3252,7or9_H,cdrH3,MET,
3253,7or9_H,cdrH3,PHE,1.7893
3254,7or9_H,cdrH3,PRO,
3255,7or9_H,cdrH3,SER,
3256,7or9_H,cdrH3,THR,0.2807
3257,7or9_H,cdrH3,TRP,
3258,7or9_H,cdrH3,TYR,1.0661
3259,7or9_H,cdrH3,VAL,
3260,7rco_H,cdrH3,ALA,
3261,7rco_H,cdrH3,ARG,2.4978
3262,7rco_H,cdrH3,ASN,
3263,7rco_H,cdrH3,ASP,1.6269999999999998
3264,7rco_H,cdrH3,CYS,
3265,7rco_H,cdrH3,GLN,2.1987
3266,7rco_H,cdrH3,GLU,
3267,7rco_H,cdrH3,GLY,
3268,7rco_H,cdrH3,HIS,1.369
3269,7rco_H,cdrH3,ILE,
3270,7rco_H,cdrH3,LEU,
3271,7rco_H,cdrH3,LYS,
3272,7rco_H,cdrH3,MET,2.1438
3273,7rco_H,cdrH3,PHE,1.8441
3274,7rco_H,cdrH3,PRO,0.4554
3275,7rco_H,cdrH3,SER,1.6035
3276,7rco_H,cdrH3,THR,0.4577
3277,7rco_H,cdrH3,TRP,
3278,7rco_H,cdrH3,TYR,
3279,7rco_H,cdrH3,VAL,2.1013
3280,7doh_H,cdrH3,ALA,
3281,7doh_H,cdrH3,ARG,2.7361
3282,7doh_H,cdrH3,ASN,0.6745
3283,7doh_H,cdrH3,ASP,1.4784
3284,7doh_H,cdrH3,CYS,
3285,7doh_H,cdrH3,GLN,
3286,7doh_H,cdrH3,GLU,
3287,7doh_H,cdrH3,GLY,
3288,7doh_H,cdrH3,HIS,
3289,7doh_H,cdrH3,ILE,
3290,7doh_H,cdrH3,LEU,0.3889
3291,7doh_H,cdrH3,LYS,
3292,7doh_H,cdrH3,MET,
3293,7doh_H,cdrH3,PHE,
3294,7doh_H,cdrH3,PRO,
3295,7doh_H,cdrH3,SER,
3296,7doh_H,cdrH3,THR,
3297,7doh_H,cdrH3,TRP,
3298,7doh_H,cdrH3,TYR,
3299,7doh_H,cdrH3,VAL,
3360,7o30_H,cdrH3,ALA,
3361,7o30_H,cdrH3,ARG,2.3208
3362,7o30_H,cdrH3,ASN,
3363,7o30_H,cdrH3,ASP,0.7146
3364,7o30_H,cdrH3,CYS,
3365,7o30_H,cdrH3,GLN,
3366,7o30_H,cdrH3,GLU,
3367,7o30_H,cdrH3,GLY,
3368,7o30_H,cdrH3,HIS,
3369,7o30_H,cdrH3,ILE,
3370,7o30_H,cdrH3,LEU,
3371,7o30_H,cdrH3,LYS,
3372,7o30_H,cdrH3,MET,1.9217
3373,7o30_H,cdrH3,PHE,
3374,7o30_H,cdrH3,PRO,
3375,7o30_H,cdrH3,SER,
3376,7o30_H,cdrH3,THR,
3377,7o30_H,cdrH3,TRP,
3378,7o30_H,cdrH3,TYR,1.8161
3379,7o30_H,cdrH3,VAL,
3380,7mzj_H,cdrH3,ALA,
3381,7mzj_H,cdrH3,ARG,3.3391
3382,7mzj_H,cdrH3,ASN,
3383,7mzj_H,cdrH3,ASP,2.1902
3384,7mzj_H,cdrH3,CYS,1.4409999999999998
3385,7mzj_H,cdrH3,GLN,
3386,7mzj_H,cdrH3,GLU,2.7459
3387,7mzj_H,cdrH3,GLY,
3388,7mzj_H,cdrH3,HIS,0.5327
3389,7mzj_H,cdrH3,ILE,1.2221
3390,7mzj_H,cdrH3,LEU,2.3624
3391,7mzj_H,cdrH3,LYS,
3392,7mzj_H,cdrH3,MET,
3393,7mzj_H,cdrH3,PHE,2.0221
3394,7mzj_H,cdrH3,PRO,
3395,7mzj_H,cdrH3,SER,0.2704
3396,7mzj_H,cdrH3,THR,0.8771
3397,7mzj_H,cdrH3,TRP,
3398,7mzj_H,cdrH3,TYR,
3399,7mzj_H,cdrH3,VAL,
3400,6xm2_H,cdrH3,ALA,
3401,6xm2_H,cdrH3,ARG,0.8609
3402,6xm2_H,cdrH3,ASN,
3403,6xm2_H,cdrH3,ASP,0.2148
3404,6xm2_H,cdrH3,CYS,
3405,6xm2_H,cdrH3,GLN,2.2207
3406,6xm2_H,cdrH3,GLU,
3407,6xm2_H,cdrH3,GLY,
3408,6xm2_H,cdrH3,HIS,1.3972
3409,6xm2_H,cdrH3,ILE,
3410,6xm2_H,cdrH3,LEU,
3411,6xm2_H,cdrH3,LYS,
3412,6xm2_H,cdrH3,MET,1.6817
3413,6xm2_H,cdrH3,PHE,1.8697
3414,6xm2_H,cdrH3,PRO,0.4094
3415,6xm2_H,cdrH3,SER,1.7218
3416,6xm2_H,cdrH3,THR,1.8005
3417,6xm2_H,cdrH3,TRP,
3418,6xm2_H,cdrH3,TYR,
3419,6xm2_H,cdrH3,VAL,1.9895
3420,7s13_H,cdrH3,ALA,
3421,7s13_H,cdrH3,ARG,3.9206
3422,7s13_H,cdrH3,ASN,
3423,7s13_H,cdrH3,ASP,0.5679
3424,7s13_H,cdrH3,CYS,
3425,7s13_H,cdrH3,GLN,
3426,7s13_H,cdrH3,GLU,
3427,7s13_H,cdrH3,GLY,
3428,7s13_H,cdrH3,HIS,
3429,7s13_H,cdrH3,ILE,
3430,7s13_H,cdrH3,LEU,
3431,7s13_H,cdrH3,LYS,
3432,7s13_H,cdrH3,MET,
3433,7s13_H,cdrH3,PHE,2.073
3434,7s13_H,cdrH3,PRO,0.7813
3435,7s13_H,cdrH3,SER,1.557
3436,7s13_H,cdrH3,THR,
3437,7s13_H,cdrH3,TRP,
3438,7s13_H,cdrH3,TYR,3.9197
3439,7s13_H,cdrH3,VAL,
3480,7kkz_H,cdrH3,ALA,
3481,7kkz_H,cdrH3,ARG,
3482,7kkz_H,cdrH3,ASN,
3483,7kkz_H,cdrH3,ASP,2.987
3484,7kkz_H,cdrH3,CYS,
3485,7kkz_H,cdrH3,GLN,
3486,7kkz_H,cdrH3,GLU,
3487,7kkz_H,cdrH3,GLY,
3488,7kkz_H,cdrH3,HIS,
3489,7kkz_H,cdrH3,ILE,
3490,7kkz_H,cdrH3,LEU,1.6061
3491,7kkz_H,cdrH3,LYS,
3492,7kkz_H,cdrH3,MET,1.5275
3493,7kkz_H,cdrH3,PHE,4.6568
3494,7kkz_H,cdrH3,PRO,0.4037
3495,7kkz_H,cdrH3,SER,
3496,7kkz_H,cdrH3,THR,0.9401
3497,7kkz_H,cdrH3,TRP,
3498,7kkz_H,cdrH3,TYR,3.1938
3499,7kkz_H,cdrH3,VAL,
3520,7bbg_H,cdrH3,ALA,
3521,7bbg_H,cdrH3,ARG,0.8399
3522,7bbg_H,cdrH3,ASN,
3523,7bbg_H,cdrH3,ASP,0.6193
3524,7bbg_H,cdrH3,CYS,
3525,7bbg_H,cdrH3,GLN,
3526,7bbg_H,cdrH3,GLU,1.3437
3527,7bbg_H,cdrH3,GLY,
3528,7bbg_H,cdrH3,HIS,
3529,7bbg_H,cdrH3,ILE,0.4945
3530,7bbg_H,cdrH3,LEU,2.3411
3531,7bbg_H,cdrH3,LYS,
3532,7bbg_H,cdrH3,MET,
3533,7bbg_H,cdrH3,PHE,1.8535
3534,7bbg_H,cdrH3,PRO,
3535,7bbg_H,cdrH3,SER,0.4395
3536,7bbg_H,cdrH3,THR,
3537,7bbg_H,cdrH3,TRP,4.227
3538,7bbg_H,cdrH3,TYR,2.1198
3539,7bbg_H,cdrH3,VAL,
3580,7n3g_H,cdrH3,ALA,
3581,7n3g_H,cdrH3,ARG,1.4756
3582,7n3g_H,cdrH3,ASN,
3583,7n3g_H,cdrH3,ASP,1.4711
3584,7n3g_H,cdrH3,CYS,
3585,7n3g_H,cdrH3,GLN,
3586,7n3g_H,cdrH3,GLU,
3587,7n3g_H,cdrH3,GLY,
3588,7n3g_H,cdrH3,HIS,
3589,7n3g_H,cdrH3,ILE,1.0597
3590,7n3g_H,cdrH3,LEU,0.2864
3591,7n3g_H,cdrH3,LYS,
3592,7n3g_H,cdrH3,MET,
3593,7n3g_H,cdrH3,PHE,
3594,7n3g_H,cdrH3,PRO,
3595,7n3g_H,cdrH3,SER,0.937
3596,7n3g_H,cdrH3,THR,1.4106
3597,7n3g_H,cdrH3,TRP,
3598,7n3g_H,cdrH3,TYR,1.8499
3599,7n3g_H,cdrH3,VAL,
3620,7n4i_H,cdrH3,ALA,
3621,7n4i_H,cdrH3,ARG,0.2731
3622,7n4i_H,cdrH3,ASN,
3623,7n4i_H,cdrH3,ASP,0.6969
3624,7n4i_H,cdrH3,CYS,
3625,7n4i_H,cdrH3,GLN,
3626,7n4i_H,cdrH3,GLU,
3627,7n4i_H,cdrH3,GLY,
3628,7n4i_H,cdrH3,HIS,
3629,7n4i_H,cdrH3,ILE,
3630,7n4i_H,cdrH3,LEU,0.9277
3631,7n4i_H,cdrH3,LYS,
3632,7n4i_H,cdrH3,MET,
3633,7n4i_H,cdrH3,PHE,
3634,7n4i_H,cdrH3,PRO,0.0756
3635,7n4i_H,cdrH3,SER,0.9171
3636,7n4i_H,cdrH3,THR,
3637,7n4i_H,cdrH3,TRP,
3638,7n4i_H,cdrH3,TYR,5.2452
3639,7n4i_H,cdrH3,VAL,
3660,7s11_H,cdrH3,ALA,
3661,7s11_H,cdrH3,ARG,2.0044
3662,7s11_H,cdrH3,ASN,0.667
3663,7s11_H,cdrH3,ASP,2.3674
3664,7s11_H,cdrH3,CYS,
3665,7s11_H,cdrH3,GLN,
3666,7s11_H,cdrH3,GLU,
3667,7s11_H,cdrH3,GLY,
3668,7s11_H,cdrH3,HIS,
3669,7s11_H,cdrH3,ILE,2.2664
3670,7s11_H,cdrH3,LEU,
3671,7s11_H,cdrH3,LYS,
3672,7s11_H,cdrH3,MET,
3673,7s11_H,cdrH3,PHE,4.2475
3674,7s11_H,cdrH3,PRO,0.4092
3675,7s11_H,cdrH3,SER,
3676,7s11_H,cdrH3,THR,
3677,7s11_H,cdrH3,TRP,
3678,7s11_H,cdrH3,TYR,4.7417
3679,7s11_H,cdrH3,VAL,
3720,7bg1_H,cdrH3,ALA,
3721,7bg1_H,cdrH3,ARG,2.5952
3722,7bg1_H,cdrH3,ASN,
3723,7bg1_H,cdrH3,ASP,1.9691
3724,7bg1_H,cdrH3,CYS,
3725,7bg1_H,cdrH3,GLN,
3726,7bg1_H,cdrH3,GLU,2.968
3727,7bg1_H,cdrH3,GLY,
3728,7bg1_H,cdrH3,HIS,
3729,7bg1_H,cdrH3,ILE,
3730,7bg1_H,cdrH3,LEU,
3731,7bg1_H,cdrH3,LYS,2.226
3732,7bg1_H,cdrH3,MET,
3733,7bg1_H,cdrH3,PHE,1.9431
3734,7bg1_H,cdrH3,PRO,
3735,7bg1_H,cdrH3,SER,
3736,7bg1_H,cdrH3,THR,
3737,7bg1_H,cdrH3,TRP,
3738,7bg1_H,cdrH3,TYR,1.3953
3739,7bg1_H,cdrH3,VAL,
3820,7ora_H,cdrH3,ALA,
3821,7ora_H,cdrH3,ARG,
3822,7ora_H,cdrH3,ASN,2.9013
3823,7ora_H,cdrH3,ASP,0.7177
3824,7ora_H,cdrH3,CYS,0.3638
3825,7ora_H,cdrH3,GLN,
3826,7ora_H,cdrH3,GLU,
3827,7ora_H,cdrH3,GLY,
3828,7ora_H,cdrH3,HIS,4.0107
3829,7ora_H,cdrH3,ILE,0.2114
3830,7ora_H,cdrH3,LEU,
3831,7ora_H,cdrH3,LYS,
3832,7ora_H,cdrH3,MET,
3833,7ora_H,cdrH3,PHE,1.7926
3834,7ora_H,cdrH3,PRO,0.2575
3835,7ora_H,cdrH3,SER,1.6586
3836,7ora_H,cdrH3,THR,0.1011
3837,7ora_H,cdrH3,TRP,
3838,7ora_H,cdrH3,TYR,4.1265
3839,7ora_H,cdrH3,VAL,
3840,7e3o_H,cdrH3,ALA,
3841,7e3o_H,cdrH3,ARG,2.2264
3842,7e3o_H,cdrH3,ASN,
3843,7e3o_H,cdrH3,ASP,
3844,7e3o_H,cdrH3,CYS,
3845,7e3o_H,cdrH3,GLN,
3846,7e3o_H,cdrH3,GLU,1.693
3847,7e3o_H,cdrH3,GLY,
3848,7e3o_H,cdrH3,HIS,
3849,7e3o_H,cdrH3,ILE,0.2342
3850,7e3o_H,cdrH3,LEU,1.3059
3851,7e3o_H,cdrH3,LYS,
3852,7e3o_H,cdrH3,MET,
3853,7e3o_H,cdrH3,PHE,1.3063
3854,7e3o_H,cdrH3,PRO,0.3121
3855,7e3o_H,cdrH3,SER,0.6275
3856,7e3o_H,cdrH3,THR,
3857,7e3o_H,cdrH3,TRP,2.6013
3858,7e3o_H,cdrH3,TYR,0.0428
3859,7e3o_H,cdrH3,VAL,
3880,7n0u_H,cdrH3,ALA,
3881,7n0u_H,cdrH3,ARG,
3882,7n0u_H,cdrH3,ASN,
3883,7n0u_H,cdrH3,ASP,2.3496
3884,7n0u_H,cdrH3,CYS,
3885,7n0u_H,cdrH3,GLN,
3886,7n0u_H,cdrH3,GLU,
3887,7n0u_H,cdrH3,GLY,
3888,7n0u_H,cdrH3,HIS,
3889,7n0u_H,cdrH3,ILE,
3890,7n0u_H,cdrH3,LEU,
3891,7n0u_H,cdrH3,LYS,
3892,7n0u_H,cdrH3,MET,
3893,7n0u_H,cdrH3,PHE,
3894,7n0u_H,cdrH3,PRO,
3895,7n0u_H,cdrH3,SER,1.8575
3896,7n0u_H,cdrH3,THR,
3897,7n0u_H,cdrH3,TRP,
3898,7n0u_H,cdrH3,TYR,5.2265
3899,7n0u_H,cdrH3,VAL,1.0354
3900,6xp6_H,cdrH3,ALA,
3901,6xp6_H,cdrH3,ARG,2.2942
3902,6xp6_H,cdrH3,ASN,
3903,6xp6_H,cdrH3,ASP,1.6534
3904,6xp6_H,cdrH3,CYS,
3905,6xp6_H,cdrH3,GLN,2.033
3906,6xp6_H,cdrH3,GLU,
3907,6xp6_H,cdrH3,GLY,
3908,6xp6_H,cdrH3,HIS,
3909,6xp6_H,cdrH3,ILE,
3910,6xp6_H,cdrH3,LEU,
3911,6xp6_H,cdrH3,LYS,
3912,6xp6_H,cdrH3,MET,1.3204
3913,6xp6_H,cdrH3,PHE,
3914,6xp6_H,cdrH3,PRO,
3915,6xp6_H,cdrH3,SER,
3916,6xp6_H,cdrH3,THR,
3917,6xp6_H,cdrH3,TRP,
3918,6xp6_H,cdrH3,TYR,
3919,6xp6_H,cdrH3,VAL,0.4984
3960,6xlz_H,cdrH3,ALA,
3961,6xlz_H,cdrH3,ARG,2.9218
3962,6xlz_H,cdrH3,ASN,
3963,6xlz_H,cdrH3,ASP,0.4154
3964,6xlz_H,cdrH3,CYS,0.8214
3965,6xlz_H,cdrH3,GLN,
3966,6xlz_H,cdrH3,GLU,
3967,6xlz_H,cdrH3,GLY,
3968,6xlz_H,cdrH3,HIS,
3969,6xlz_H,cdrH3,ILE,
3970,6xlz_H,cdrH3,LEU,
3971,6xlz_H,cdrH3,LYS,
3972,6xlz_H,cdrH3,MET,
3973,6xlz_H,cdrH3,PHE,
3974,6xlz_H,cdrH3,PRO,0.2324
3975,6xlz_H,cdrH3,SER,0.7915
3976,6xlz_H,cdrH3,THR,
3977,6xlz_H,cdrH3,TRP,
3978,6xlz_H,cdrH3,TYR,5.3242
3979,6xlz_H,cdrH3,VAL,
4020,7n3h_H,cdrH3,ALA,
4021,7n3h_H,cdrH3,ARG,1.5493
4022,7n3h_H,cdrH3,ASN,
4023,7n3h_H,cdrH3,ASP,1.4962
4024,7n3h_H,cdrH3,CYS,
4025,7n3h_H,cdrH3,GLN,
4026,7n3h_H,cdrH3,GLU,
4027,7n3h_H,cdrH3,GLY,
4028,7n3h_H,cdrH3,HIS,
4029,7n3h_H,cdrH3,ILE,1.0303
4030,7n3h_H,cdrH3,LEU,0.276
4031,7n3h_H,cdrH3,LYS,
4032,7n3h_H,cdrH3,MET,
4033,7n3h_H,cdrH3,PHE,
4034,7n3h_H,cdrH3,PRO,
4035,7n3h_H,cdrH3,SER,0.9424
4036,7n3h_H,cdrH3,THR,1.4496
4037,7n3h_H,cdrH3,TRP,
4038,7n3h_H,cdrH3,TYR,0.7749
4039,7n3h_H,cdrH3,VAL,
4040,7kn3_H,cdrH3,ALA,
4041,7kn3_H,cdrH3,ARG,1.1326
4042,7kn3_H,cdrH3,ASN,
4043,7kn3_H,cdrH3,ASP,0.4535
4044,7kn3_H,cdrH3,CYS,
4045,7kn3_H,cdrH3,GLN,
4046,7kn3_H,cdrH3,GLU,2.9263
4047,7kn3_H,cdrH3,GLY,
4048,7kn3_H,cdrH3,HIS,
4049,7kn3_H,cdrH3,ILE,
4050,7kn3_H,cdrH3,LEU,
4051,7kn3_H,cdrH3,LYS,
4052,7kn3_H,cdrH3,MET,0.9357
4053,7kn3_H,cdrH3,PHE,
4054,7kn3_H,cdrH3,PRO,
4055,7kn3_H,cdrH3,SER,
4056,7kn3_H,cdrH3,THR,
4057,7kn3_H,cdrH3,TRP,
4058,7kn3_H,cdrH3,TYR,4.2261
4059,7kn3_H,cdrH3,VAL,2.1029
4060,7mzf_H,cdrH3,ALA,
4061,7mzf_H,cdrH3,ARG,2.3327
4062,7mzf_H,cdrH3,ASN,
4063,7mzf_H,cdrH3,ASP,0.3851
4064,7mzf_H,cdrH3,CYS,
4065,7mzf_H,cdrH3,GLN,
4066,7mzf_H,cdrH3,GLU,
4067,7mzf_H,cdrH3,GLY,
4068,7mzf_H,cdrH3,HIS,
4069,7mzf_H,cdrH3,ILE,
4070,7mzf_H,cdrH3,LEU,1.2932
4071,7mzf_H,cdrH3,LYS,
4072,7mzf_H,cdrH3,MET,
4073,7mzf_H,cdrH3,PHE,1.9854
4074,7mzf_H,cdrH3,PRO,
4075,7mzf_H,cdrH3,SER,
4076,7mzf_H,cdrH3,THR,
4077,7mzf_H,cdrH3,TRP,
4078,7mzf_H,cdrH3,TYR,3.1418
4079,7mzf_H,cdrH3,VAL,
4100,7nx3_H,cdrH3,ALA,
4101,7nx3_H,cdrH3,ARG,2.0602
4102,7nx3_H,cdrH3,ASN,
4103,7nx3_H,cdrH3,ASP,0.9890000000000001
4104,7nx3_H,cdrH3,CYS,
4105,7nx3_H,cdrH3,GLN,
4106,7nx3_H,cdrH3,GLU,
4107,7nx3_H,cdrH3,GLY,
4108,7nx3_H,cdrH3,HIS,
4109,7nx3_H,cdrH3,ILE,
4110,7nx3_H,cdrH3,LEU,
4111,7nx3_H,cdrH3,LYS,
4112,7nx3_H,cdrH3,MET,
4113,7nx3_H,cdrH3,PHE,1.788
4114,7nx3_H,cdrH3,PRO,
4115,7nx3_H,cdrH3,SER,1.0493
4116,7nx3_H,cdrH3,THR,2.1778
4117,7nx3_H,cdrH3,TRP,
4118,7nx3_H,cdrH3,TYR,2.4625
4119,7nx3_H,cdrH3,VAL,
4120,7kf1_H,cdrH3,ALA,
4121,7kf1_H,cdrH3,ARG,
4122,7kf1_H,cdrH3,ASN,
4123,7kf1_H,cdrH3,ASP,0.3561
4124,7kf1_H,cdrH3,CYS,
4125,7kf1_H,cdrH3,GLN,
4126,7kf1_H,cdrH3,GLU,
4127,7kf1_H,cdrH3,GLY,
4128,7kf1_H,cdrH3,HIS,
4129,7kf1_H,cdrH3,ILE,1.0674
4130,7kf1_H,cdrH3,LEU,1.7474
4131,7kf1_H,cdrH3,LYS,2.0166
4132,7kf1_H,cdrH3,MET,1.5297
4133,7kf1_H,cdrH3,PHE,
4134,7kf1_H,cdrH3,PRO,
4135,7kf1_H,cdrH3,SER,
4136,7kf1_H,cdrH3,THR,
4137,7kf1_H,cdrH3,TRP,
4138,7kf1_H,cdrH3,TYR,2.8213
4139,7kf1_H,cdrH3,VAL,0.0835
4140,7arn_H,cdrH3,ALA,
4141,7arn_H,cdrH3,ARG,1.9938
4142,7arn_H,cdrH3,ASN,1.0754
4143,7arn_H,cdrH3,ASP,0.5246
4144,7arn_H,cdrH3,CYS,
4145,7arn_H,cdrH3,GLN,
4146,7arn_H,cdrH3,GLU,
4147,7arn_H,cdrH3,GLY,
4148,7arn_H,cdrH3,HIS,
4149,7arn_H,cdrH3,ILE,
4150,7arn_H,cdrH3,LEU,
4151,7arn_H,cdrH3,LYS,
4152,7arn_H,cdrH3,MET,
4153,7arn_H,cdrH3,PHE,1.2021
4154,7arn_H,cdrH3,PRO,
4155,7arn_H,cdrH3,SER,
4156,7arn_H,cdrH3,THR,
4157,7arn_H,cdrH3,TRP,
4158,7arn_H,cdrH3,TYR,1.6494
4159,7arn_H,cdrH3,VAL,
4160,7rdm_H,cdrH3,ALA,
4161,7rdm_H,cdrH3,ARG,1.7306
4162,7rdm_H,cdrH3,ASN,1.2124
4163,7rdm_H,cdrH3,ASP,0.7551
4164,7rdm_H,cdrH3,CYS,2.041
4165,7rdm_H,cdrH3,GLN,
4166,7rdm_H,cdrH3,GLU,
4167,7rdm_H,cdrH3,GLY,
4168,7rdm_H,cdrH3,HIS,3.464
4169,7rdm_H,cdrH3,ILE,
4170,7rdm_H,cdrH3,LEU,
4171,7rdm_H,cdrH3,LYS,1.0029
4172,7rdm_H,cdrH3,MET,
4173,7rdm_H,cdrH3,PHE,2.1054
4174,7rdm_H,cdrH3,PRO,0.3511
4175,7rdm_H,cdrH3,SER,
4176,7rdm_H,cdrH3,THR,0.8299
4177,7rdm_H,cdrH3,TRP,2.9219999999999997
4178,7rdm_H,cdrH3,TYR,1.2989
4179,7rdm_H,cdrH3,VAL,1.0124
4180,7l7e_H,cdrH3,ALA,
4181,7l7e_H,cdrH3,ARG,
4182,7l7e_H,cdrH3,ASN,1.7424
4183,7l7e_H,cdrH3,ASP,1.4749
4184,7l7e_H,cdrH3,CYS,0.2031
4185,7l7e_H,cdrH3,GLN,
4186,7l7e_H,cdrH3,GLU,
4187,7l7e_H,cdrH3,GLY,
4188,7l7e_H,cdrH3,HIS,
4189,7l7e_H,cdrH3,ILE,0.8856
4190,7l7e_H,cdrH3,LEU,
4191,7l7e_H,cdrH3,LYS,
4192,7l7e_H,cdrH3,MET,
4193,7l7e_H,cdrH3,PHE,0.5605
4194,7l7e_H,cdrH3,PRO,0.3069
4195,7l7e_H,cdrH3,SER,0.3518
4196,7l7e_H,cdrH3,THR,
4197,7l7e_H,cdrH3,TRP,
4198,7l7e_H,cdrH3,TYR,0.8456
4199,7l7e_H,cdrH3,VAL,
4220,7r9d_H,cdrH3,ALA,
4221,7r9d_H,cdrH3,ARG,0.7638
4222,7r9d_H,cdrH3,ASN,
4223,7r9d_H,cdrH3,ASP,1.6296
4224,7r9d_H,cdrH3,CYS,
4225,7r9d_H,cdrH3,GLN,
4226,7r9d_H,cdrH3,GLU,
4227,7r9d_H,cdrH3,GLY,
4228,7r9d_H,cdrH3,HIS,
4229,7r9d_H,cdrH3,ILE,
4230,7r9d_H,cdrH3,LEU,0.6579
4231,7r9d_H,cdrH3,LYS,
4232,7r9d_H,cdrH3,MET,2.9208
4233,7r9d_H,cdrH3,PHE,
4234,7r9d_H,cdrH3,PRO,0.3269
4235,7r9d_H,cdrH3,SER,
4236,7r9d_H,cdrH3,THR,
4237,7r9d_H,cdrH3,TRP,
4238,7r9d_H,cdrH3,TYR,1.9639
4239,7r9d_H,cdrH3,VAL,
4300,7s4s_H,cdrH3,ALA,
4301,7s4s_H,cdrH3,ARG,1.5307
4302,7s4s_H,cdrH3,ASN,
4303,7s4s_H,cdrH3,ASP,0.4926
4304,7s4s_H,cdrH3,CYS,
4305,7s4s_H,cdrH3,GLN,
4306,7s4s_H,cdrH3,GLU,2.2674
4307,7s4s_H,cdrH3,GLY,
4308,7s4s_H,cdrH3,HIS,
4309,7s4s_H,cdrH3,ILE,0.2772
4310,7s4s_H,cdrH3,LEU,0.2092
4311,7s4s_H,cdrH3,LYS,
4312,7s4s_H,cdrH3,MET,
4313,7s4s_H,cdrH3,PHE,
4314,7s4s_H,cdrH3,PRO,
4315,7s4s_H,cdrH3,SER,
4316,7s4s_H,cdrH3,THR,
4317,7s4s_H,cdrH3,TRP,
4318,7s4s_H,cdrH3,TYR,1.9080000000000001
4319,7s4s_H,cdrH3,VAL,1.8912
4340,7n3d_H,cdrH3,ALA,
4341,7n3d_H,cdrH3,ARG,1.186
4342,7n3d_H,cdrH3,ASN,
4343,7n3d_H,cdrH3,ASP,1.5907
4344,7n3d_H,cdrH3,CYS,
4345,7n3d_H,cdrH3,GLN,
4346,7n3d_H,cdrH3,GLU,1.4702
4347,7n3d_H,cdrH3,GLY,
4348,7n3d_H,cdrH3,HIS,2.1362
4349,7n3d_H,cdrH3,ILE,2.2199
4350,7n3d_H,cdrH3,LEU,0.7037
4351,7n3d_H,cdrH3,LYS,
4352,7n3d_H,cdrH3,MET,
4353,7n3d_H,cdrH3,PHE,1.9924
4354,7n3d_H,cdrH3,PRO,
4355,7n3d_H,cdrH3,SER,0.0689
4356,7n3d_H,cdrH3,THR,0.3432
4357,7n3d_H,cdrH3,TRP,
4358,7n3d_H,cdrH3,TYR,3.5657
4359,7n3d_H,cdrH3,VAL,1.9007
4360,7kez_H,cdrH3,ALA,
4361,7kez_H,cdrH3,ARG,1.8367
4362,7kez_H,cdrH3,ASN,
4363,7kez_H,cdrH3,ASP,0.5428
4364,7kez_H,cdrH3,CYS,
4365,7kez_H,cdrH3,GLN,
4366,7kez_H,cdrH3,GLU,
4367,7kez_H,cdrH3,GLY,
4368,7kez_H,cdrH3,HIS,
4369,7kez_H,cdrH3,ILE,
4370,7kez_H,cdrH3,LEU,
4371,7kez_H,cdrH3,LYS,
4372,7kez_H,cdrH3,MET,
4373,7kez_H,cdrH3,PHE,1.9466
4374,7kez_H,cdrH3,PRO,
4375,7kez_H,cdrH3,SER,
4376,7kez_H,cdrH3,THR,2.0957
4377,7kez_H,cdrH3,TRP,
4378,7kez_H,cdrH3,TYR,0.5449
4379,7kez_H,cdrH3,VAL,1.0837
4380,7jkm_H,cdrH3,ALA,
4381,7jkm_H,cdrH3,ARG,
4382,7jkm_H,cdrH3,ASN,
4383,7jkm_H,cdrH3,ASP,0.3342
4384,7jkm_H,cdrH3,CYS,
4385,7jkm_H,cdrH3,GLN,
4386,7jkm_H,cdrH3,GLU,
4387,7jkm_H,cdrH3,GLY,
4388,7jkm_H,cdrH3,HIS,0.1298
4389,7jkm_H,cdrH3,ILE,
4390,7jkm_H,cdrH3,LEU,
4391,7jkm_H,cdrH3,LYS,2.0195
4392,7jkm_H,cdrH3,MET,1.271
4393,7jkm_H,cdrH3,PHE,
4394,7jkm_H,cdrH3,PRO,
4395,7jkm_H,cdrH3,SER,0.5283
4396,7jkm_H,cdrH3,THR,
4397,7jkm_H,cdrH3,TRP,
4398,7jkm_H,cdrH3,TYR,2.0512
4399,7jkm_H,cdrH3,VAL,0.1094
4420,7e72_H,cdrH3,ALA,
4421,7e72_H,cdrH3,ARG,2.4816
4422,7e72_H,cdrH3,ASN,2.8372
4423,7e72_H,cdrH3,ASP,
4424,7e72_H,cdrH3,CYS,
4425,7e72_H,cdrH3,GLN,
4426,7e72_H,cdrH3,GLU,
4427,7e72_H,cdrH3,GLY,
4428,7e72_H,cdrH3,HIS,
4429,7e72_H,cdrH3,ILE,
4430,7e72_H,cdrH3,LEU,0.8179
4431,7e72_H,cdrH3,LYS,
4432,7e72_H,cdrH3,MET,
4433,7e72_H,cdrH3,PHE,
4434,7e72_H,cdrH3,PRO,
4435,7e72_H,cdrH3,SER,1.5007
4436,7e72_H,cdrH3,THR,
4437,7e72_H,cdrH3,TRP,
4438,7e72_H,cdrH3,TYR,1.788
4439,7e72_H,cdrH3,VAL,
4440,7n3f_H,cdrH3,ALA,
4441,7n3f_H,cdrH3,ARG,0.2656
4442,7n3f_H,cdrH3,ASN,
4443,7n3f_H,cdrH3,ASP,0.2473
4444,7n3f_H,cdrH3,CYS,
4445,7n3f_H,cdrH3,GLN,
4446,7n3f_H,cdrH3,GLU,
4447,7n3f_H,cdrH3,GLY,
4448,7n3f_H,cdrH3,HIS,
4449,7n3f_H,cdrH3,ILE,
4450,7n3f_H,cdrH3,LEU,0.9987
4451,7n3f_H,cdrH3,LYS,
4452,7n3f_H,cdrH3,MET,
4453,7n3f_H,cdrH3,PHE,1.7936
4454,7n3f_H,cdrH3,PRO,
4455,7n3f_H,cdrH3,SER,
4456,7n3f_H,cdrH3,THR,
4457,7n3f_H,cdrH3,TRP,0.6965
4458,7n3f_H,cdrH3,TYR,1.7449
4459,7n3f_H,cdrH3,VAL,1.2016
4500,7kyo_H,cdrH3,ALA,
4501,7kyo_H,cdrH3,ARG,1.4531
4502,7kyo_H,cdrH3,ASN,
4503,7kyo_H,cdrH3,ASP,2.7499
4504,7kyo_H,cdrH3,CYS,
4505,7kyo_H,cdrH3,GLN,
4506,7kyo_H,cdrH3,GLU,
4507,7kyo_H,cdrH3,GLY,
4508,7kyo_H,cdrH3,HIS,
4509,7kyo_H,cdrH3,ILE,
4510,7kyo_H,cdrH3,LEU,1.455
4511,7kyo_H,cdrH3,LYS,
4512,7kyo_H,cdrH3,MET,1.1236
4513,7kyo_H,cdrH3,PHE,2.0443
4514,7kyo_H,cdrH3,PRO,0.3922
4515,7kyo_H,cdrH3,SER,
4516,7kyo_H,cdrH3,THR,
4517,7kyo_H,cdrH3,TRP,
4518,7kyo_H,cdrH3,TYR,2.479
4519,7kyo_H,cdrH3,VAL,
4520,7e5o_H,cdrH3,ALA,
4521,7e5o_H,cdrH3,ARG,1.5185
4522,7e5o_H,cdrH3,ASN,
4523,7e5o_H,cdrH3,ASP,2.0794
4524,7e5o_H,cdrH3,CYS,
4525,7e5o_H,cdrH3,GLN,
4526,7e5o_H,cdrH3,GLU,
4527,7e5o_H,cdrH3,GLY,
4528,7e5o_H,cdrH3,HIS,
4529,7e5o_H,cdrH3,ILE,
4530,7e5o_H,cdrH3,LEU,0.9631
4531,7e5o_H,cdrH3,LYS,
4532,7e5o_H,cdrH3,MET,1.2724
4533,7e5o_H,cdrH3,PHE,
4534,7e5o_H,cdrH3,PRO,
4535,7e5o_H,cdrH3,SER,
4536,7e5o_H,cdrH3,THR,
4537,7e5o_H,cdrH3,TRP,3.2052
4538,7e5o_H,cdrH3,TYR,1.4605
4539,7e5o_H,cdrH3,VAL,0.1138
4540,7s0b_H,cdrH3,ALA,
4541,7s0b_H,cdrH3,ARG,0.7311
4542,7s0b_H,cdrH3,ASN,
4543,7s0b_H,cdrH3,ASP,0.715
4544,7s0b_H,cdrH3,CYS,
4545,7s0b_H,cdrH3,GLN,
4546,7s0b_H,cdrH3,GLU,
4547,7s0b_H,cdrH3,GLY,
4548,7s0b_H,cdrH3,HIS,
4549,7s0b_H,cdrH3,ILE,
4550,7s0b_H,cdrH3,LEU,2.4272
4551,7s0b_H,cdrH3,LYS,
4552,7s0b_H,cdrH3,MET,
4553,7s0b_H,cdrH3,PHE,2.0486
4554,7s0b_H,cdrH3,PRO,
4555,7s0b_H,cdrH3,SER,1.7167
4556,7s0b_H,cdrH3,THR,
4557,7s0b_H,cdrH3,TRP,3.1974
4558,7s0b_H,cdrH3,TYR,
4559,7s0b_H,cdrH3,VAL,0.0679
4560,7n3c_H,cdrH3,ALA,
4561,7n3c_H,cdrH3,ARG,1.0945
4562,7n3c_H,cdrH3,ASN,
4563,7n3c_H,cdrH3,ASP,0.3047
4564,7n3c_H,cdrH3,CYS,
4565,7n3c_H,cdrH3,GLN,
4566,7n3c_H,cdrH3,GLU,2.7038
4567,7n3c_H,cdrH3,GLY,
4568,7n3c_H,cdrH3,HIS,1.6245
4569,7n3c_H,cdrH3,ILE,
4570,7n3c_H,cdrH3,LEU,1.5168
4571,7n3c_H,cdrH3,LYS,
4572,7n3c_H,cdrH3,MET,1.251
4573,7n3c_H,cdrH3,PHE,1.8679
4574,7n3c_H,cdrH3,PRO,0.3994
4575,7n3c_H,cdrH3,SER,0.8540000000000001
4576,7n3c_H,cdrH3,THR,
4577,7n3c_H,cdrH3,TRP,2.5343
4578,7n3c_H,cdrH3,TYR,1.7262
4579,7n3c_H,cdrH3,VAL,0.6913
4620,7mzh_H,cdrH3,ALA,
4621,7mzh_H,cdrH3,ARG,0.4111
4622,7mzh_H,cdrH3,ASN,
4623,7mzh_H,cdrH3,ASP,0.2643
4624,7mzh_H,cdrH3,CYS,
4625,7mzh_H,cdrH3,GLN,
4626,7mzh_H,cdrH3,GLU,
4627,7mzh_H,cdrH3,GLY,
4628,7mzh_H,cdrH3,HIS,
4629,7mzh_H,cdrH3,ILE,
4630,7mzh_H,cdrH3,LEU,
4631,7mzh_H,cdrH3,LYS,
4632,7mzh_H,cdrH3,MET,
4633,7mzh_H,cdrH3,PHE,
4634,7mzh_H,cdrH3,PRO,
4635,7mzh_H,cdrH3,SER,1.6272
4636,7mzh_H,cdrH3,THR,
4637,7mzh_H,cdrH3,TRP,
4638,7mzh_H,cdrH3,TYR,3.3046
4639,7mzh_H,cdrH3,VAL,
4760,7o4y_H,cdrH3,ALA,
4761,7o4y_H,cdrH3,ARG,1.2383
4762,7o4y_H,cdrH3,ASN,
4763,7o4y_H,cdrH3,ASP,0.9684
4764,7o4y_H,cdrH3,CYS,
4765,7o4y_H,cdrH3,GLN,
4766,7o4y_H,cdrH3,GLU,1.1323
4767,7o4y_H,cdrH3,GLY,
4768,7o4y_H,cdrH3,HIS,
4769,7o4y_H,cdrH3,ILE,1.0674
4770,7o4y_H,cdrH3,LEU,0.5821
4771,7o4y_H,cdrH3,LYS,
4772,7o4y_H,cdrH3,MET,
4773,7o4y_H,cdrH3,PHE,1.8233
4774,7o4y_H,cdrH3,PRO,
4775,7o4y_H,cdrH3,SER,
4776,7o4y_H,cdrH3,THR,0.1961
4777,7o4y_H,cdrH3,TRP,
4778,7o4y_H,cdrH3,TYR,
4779,7o4y_H,cdrH3,VAL,0.1717
4780,7lyw_H,cdrH3,ALA,
4781,7lyw_H,cdrH3,ARG,1.2815
4782,7lyw_H,cdrH3,ASN,
4783,7lyw_H,cdrH3,ASP,1.8030000000000002
4784,7lyw_H,cdrH3,CYS,
4785,7lyw_H,cdrH3,GLN,
4786,7lyw_H,cdrH3,GLU,3.4905
4787,7lyw_H,cdrH3,GLY,
4788,7lyw_H,cdrH3,HIS,
4789,7lyw_H,cdrH3,ILE,
4790,7lyw_H,cdrH3,LEU,
4791,7lyw_H,cdrH3,LYS,
4792,7lyw_H,cdrH3,MET,1.4493
4793,7lyw_H,cdrH3,PHE,
4794,7lyw_H,cdrH3,PRO,
4795,7lyw_H,cdrH3,SER,0.1021
4796,7lyw_H,cdrH3,THR,0.1483
4797,7lyw_H,cdrH3,TRP,
4798,7lyw_H,cdrH3,TYR,2.218
4799,7lyw_H,cdrH3,VAL,0.0466
4800,7rdk_H,cdrH3,ALA,
4801,7rdk_H,cdrH3,ARG,1.8164
4802,7rdk_H,cdrH3,ASN,1.2564
4803,7rdk_H,cdrH3,ASP,0.6244
4804,7rdk_H,cdrH3,CYS,1.8992
4805,7rdk_H,cdrH3,GLN,
4806,7rdk_H,cdrH3,GLU,1.3216
4807,7rdk_H,cdrH3,GLY,
4808,7rdk_H,cdrH3,HIS,
4809,7rdk_H,cdrH3,ILE,
4810,7rdk_H,cdrH3,LEU,
4811,7rdk_H,cdrH3,LYS,2.5001
4812,7rdk_H,cdrH3,MET,
4813,7rdk_H,cdrH3,PHE,1.9763
4814,7rdk_H,cdrH3,PRO,0.3227
4815,7rdk_H,cdrH3,SER,0.2537
4816,7rdk_H,cdrH3,THR,
4817,7rdk_H,cdrH3,TRP,4.865
4818,7rdk_H,cdrH3,TYR,1.4664
4819,7rdk_H,cdrH3,VAL,1.756
4820,7o31_H,cdrH3,ALA,
4821,7o31_H,cdrH3,ARG,0.8967
4822,7o31_H,cdrH3,ASN,
4823,7o31_H,cdrH3,ASP,0.9479
4824,7o31_H,cdrH3,CYS,
4825,7o31_H,cdrH3,GLN,
4826,7o31_H,cdrH3,GLU,
4827,7o31_H,cdrH3,GLY,
4828,7o31_H,cdrH3,HIS,
4829,7o31_H,cdrH3,ILE,2.0854
4830,7o31_H,cdrH3,LEU,
4831,7o31_H,cdrH3,LYS,
4832,7o31_H,cdrH3,MET,0.3054
4833,7o31_H,cdrH3,PHE,
4834,7o31_H,cdrH3,PRO,
4835,7o31_H,cdrH3,SER,0.2232
4836,7o31_H,cdrH3,THR,
4837,7o31_H,cdrH3,TRP,
4838,7o31_H,cdrH3,TYR,3.1791
4839,7o31_H,cdrH3,VAL,0.107
4860,7cj2_H,cdrH3,ALA,
4861,7cj2_H,cdrH3,ARG,
4862,7cj2_H,cdrH3,ASN,
4863,7cj2_H,cdrH3,ASP,1.7081
4864,7cj2_H,cdrH3,CYS,
4865,7cj2_H,cdrH3,GLN,
4866,7cj2_H,cdrH3,GLU,
4867,7cj2_H,cdrH3,GLY,
4868,7cj2_H,cdrH3,HIS,
4869,7cj2_H,cdrH3,ILE,
4870,7cj2_H,cdrH3,LEU,
4871,7cj2_H,cdrH3,LYS,
4872,7cj2_H,cdrH3,MET,
4873,7cj2_H,cdrH3,PHE,4.2975
4874,7cj2_H,cdrH3,PRO,
4875,7cj2_H,cdrH3,SER,
4876,7cj2_H,cdrH3,THR,0.4261
4877,7cj2_H,cdrH3,TRP,
4878,7cj2_H,cdrH3,TYR,
4879,7cj2_H,cdrH3,VAL,1.982
4880,7mf7_H,cdrH3,ALA,
4881,7mf7_H,cdrH3,ARG,0.7805
4882,7mf7_H,cdrH3,ASN,
4883,7mf7_H,cdrH3,ASP,1.3148
4884,7mf7_H,cdrH3,CYS,
4885,7mf7_H,cdrH3,GLN,2.5047
4886,7mf7_H,cdrH3,GLU,2.2854
4887,7mf7_H,cdrH3,GLY,
4888,7mf7_H,cdrH3,HIS,
4889,7mf7_H,cdrH3,ILE,
4890,7mf7_H,cdrH3,LEU,
4891,7mf7_H,cdrH3,LYS,1.6471
4892,7mf7_H,cdrH3,MET,
4893,7mf7_H,cdrH3,PHE,2.1399
4894,7mf7_H,cdrH3,PRO,0.5223
4895,7mf7_H,cdrH3,SER,1.4314
4896,7mf7_H,cdrH3,THR,0.5432
4897,7mf7_H,cdrH3,TRP,3.5181
4898,7mf7_H,cdrH3,TYR,2.9073
4899,7mf7_H,cdrH3,VAL,
4920,7s3m_H,cdrH3,ALA,
4921,7s3m_H,cdrH3,ARG,1.2069
4922,7s3m_H,cdrH3,ASN,1.1304
4923,7s3m_H,cdrH3,ASP,0.3504
4924,7s3m_H,cdrH3,CYS,
4925,7s3m_H,cdrH3,GLN,
4926,7s3m_H,cdrH3,GLU,
4927,7s3m_H,cdrH3,GLY,
4928,7s3m_H,cdrH3,HIS,0.4988
4929,7s3m_H,cdrH3,ILE,
4930,7s3m_H,cdrH3,LEU,
4931,7s3m_H,cdrH3,LYS,
4932,7s3m_H,cdrH3,MET,1.2058
4933,7s3m_H,cdrH3,PHE,
4934,7s3m_H,cdrH3,PRO,
4935,7s3m_H,cdrH3,SER,
4936,7s3m_H,cdrH3,THR,0.2798
4937,7s3m_H,cdrH3,TRP,
4938,7s3m_H,cdrH3,TYR,3.8277
4939,7s3m_H,cdrH3,VAL,0.2987
4960,7kf0_H,cdrH3,ALA,
4961,7kf0_H,cdrH3,ARG,1.9772
4962,7kf0_H,cdrH3,ASN,
4963,7kf0_H,cdrH3,ASP,0.3314
4964,7kf0_H,cdrH3,CYS,
4965,7kf0_H,cdrH3,GLN,
4966,7kf0_H,cdrH3,GLU,
4967,7kf0_H,cdrH3,GLY,
4968,7kf0_H,cdrH3,HIS,
4969,7kf0_H,cdrH3,ILE,
4970,7kf0_H,cdrH3,LEU,
4971,7kf0_H,cdrH3,LYS,
4972,7kf0_H,cdrH3,MET,1.9886
4973,7kf0_H,cdrH3,PHE,3.5666
4974,7kf0_H,cdrH3,PRO,
4975,7kf0_H,cdrH3,SER,0.0836
4976,7kf0_H,cdrH3,THR,
4977,7kf0_H,cdrH3,TRP,
4978,7kf0_H,cdrH3,TYR,1.1658
4979,7kf0_H,cdrH3,VAL,0.1282
5020,7keo_H,cdrH3,ALA,
5021,7keo_H,cdrH3,ARG,2.0447
5022,7keo_H,cdrH3,ASN,
5023,7keo_H,cdrH3,ASP,0.1552
5024,7keo_H,cdrH3,CYS,
5025,7keo_H,cdrH3,GLN,2.0685
5026,7keo_H,cdrH3,GLU,
5027,7keo_H,cdrH3,GLY,
5028,7keo_H,cdrH3,HIS,
5029,7keo_H,cdrH3,ILE,
5030,7keo_H,cdrH3,LEU,
5031,7keo_H,cdrH3,LYS,
5032,7keo_H,cdrH3,MET,1.2385
5033,7keo_H,cdrH3,PHE,3.6332
5034,7keo_H,cdrH3,PRO,0.309
5035,7keo_H,cdrH3,SER,
5036,7keo_H,cdrH3,THR,0.1805
5037,7keo_H,cdrH3,TRP,0.86
5038,7keo_H,cdrH3,TYR,2.7065
5039,7keo_H,cdrH3,VAL,
5040,7aj6_H,cdrH3,ALA,
5041,7aj6_H,cdrH3,ARG,1.6406
5042,7aj6_H,cdrH3,ASN,
5043,7aj6_H,cdrH3,ASP,1.8049
5044,7aj6_H,cdrH3,CYS,
5045,7aj6_H,cdrH3,GLN,
5046,7aj6_H,cdrH3,GLU,
5047,7aj6_H,cdrH3,GLY,
5048,7aj6_H,cdrH3,HIS,
5049,7aj6_H,cdrH3,ILE,1.2986
5050,7aj6_H,cdrH3,LEU,
5051,7aj6_H,cdrH3,LYS,
5052,7aj6_H,cdrH3,MET,2.4216
5053,7aj6_H,cdrH3,PHE,2.48
5054,7aj6_H,cdrH3,PRO,
5055,7aj6_H,cdrH3,SER,0.4756
5056,7aj6_H,cdrH3,THR,
5057,7aj6_H,cdrH3,TRP,
5058,7aj6_H,cdrH3,TYR,
5059,7aj6_H,cdrH3,VAL,1.1077
5080,7lfa_H,cdrH3,ALA,
5081,7lfa_H,cdrH3,ARG,0.2997
5082,7lfa_H,cdrH3,ASN,2.8277
5083,7lfa_H,cdrH3,ASP,0.5029
5084,7lfa_H,cdrH3,CYS,
5085,7lfa_H,cdrH3,GLN,
5086,7lfa_H,cdrH3,GLU,2.0655
5087,7lfa_H,cdrH3,GLY,
5088,7lfa_H,cdrH3,HIS,
5089,7lfa_H,cdrH3,ILE,
5090,7lfa_H,cdrH3,LEU,1.6147
5091,7lfa_H,cdrH3,LYS,
5092,7lfa_H,cdrH3,MET,
5093,7lfa_H,cdrH3,PHE,1.7915
5094,7lfa_H,cdrH3,PRO,
5095,7lfa_H,cdrH3,SER,
5096,7lfa_H,cdrH3,THR,
5097,7lfa_H,cdrH3,TRP,
5098,7lfa_H,cdrH3,TYR,1.8228
5099,7lfa_H,cdrH3,VAL,
5120,7m2i_H,cdrH3,ALA,
5121,7m2i_H,cdrH3,ARG,3.5407
5122,7m2i_H,cdrH3,ASN,
5123,7m2i_H,cdrH3,ASP,2.6367
5124,7m2i_H,cdrH3,CYS,
5125,7m2i_H,cdrH3,GLN,
5126,7m2i_H,cdrH3,GLU,1.9523
5127,7m2i_H,cdrH3,GLY,
5128,7m2i_H,cdrH3,HIS,
5129,7m2i_H,cdrH3,ILE,
5130,7m2i_H,cdrH3,LEU,
5131,7m2i_H,cdrH3,LYS,
5132,7m2i_H,cdrH3,MET,
5133,7m2i_H,cdrH3,PHE,0.3051
5134,7m2i_H,cdrH3,PRO,
5135,7m2i_H,cdrH3,SER,
5136,7m2i_H,cdrH3,THR,
5137,7m2i_H,cdrH3,TRP,
5138,7m2i_H,cdrH3,TYR,0.3007
5139,7m2i_H,cdrH3,VAL,1.9778
5140,7rah_H,cdrH3,ALA,
5141,7rah_H,cdrH3,ARG,1.1907
5142,7rah_H,cdrH3,ASN,
5143,7rah_H,cdrH3,ASP,0.0849
5144,7rah_H,cdrH3,CYS,
5145,7rah_H,cdrH3,GLN,
5146,7rah_H,cdrH3,GLU,0.898
5147,7rah_H,cdrH3,GLY,
5148,7rah_H,cdrH3,HIS,
5149,7rah_H,cdrH3,ILE,1.8753
5150,7rah_H,cdrH3,LEU,
5151,7rah_H,cdrH3,LYS,
5152,7rah_H,cdrH3,MET,2.5861
5153,7rah_H,cdrH3,PHE,1.8401
5154,7rah_H,cdrH3,PRO,
5155,7rah_H,cdrH3,SER,
5156,7rah_H,cdrH3,THR,
5157,7rah_H,cdrH3,TRP,
5158,7rah_H,cdrH3,TYR,1.0582
5159,7rah_H,cdrH3,VAL,
5160,7rnj_H,cdrH3,ALA,
5161,7rnj_H,cdrH3,ARG,1.6382
5162,7rnj_H,cdrH3,ASN,
5163,7rnj_H,cdrH3,ASP,1.1809
5164,7rnj_H,cdrH3,CYS,
5165,7rnj_H,cdrH3,GLN,
5166,7rnj_H,cdrH3,GLU,
5167,7rnj_H,cdrH3,GLY,
5168,7rnj_H,cdrH3,HIS,
5169,7rnj_H,cdrH3,ILE,
5170,7rnj_H,cdrH3,LEU,
5171,7rnj_H,cdrH3,LYS,0.4805
5172,7rnj_H,cdrH3,MET,
5173,7rnj_H,cdrH3,PHE,1.6480000000000001
5174,7rnj_H,cdrH3,PRO,0.3806
5175,7rnj_H,cdrH3,SER,1.2898
5176,7rnj_H,cdrH3,THR,
5177,7rnj_H,cdrH3,TRP,
5178,7rnj_H,cdrH3,TYR,0.5494
5179,7rnj_H,cdrH3,VAL,
5220,7rks_H,cdrH3,ALA,
5221,7rks_H,cdrH3,ARG,0.9067
5222,7rks_H,cdrH3,ASN,
5223,7rks_H,cdrH3,ASP,0.8445
5224,7rks_H,cdrH3,CYS,
5225,7rks_H,cdrH3,GLN,
5226,7rks_H,cdrH3,GLU,
5227,7rks_H,cdrH3,GLY,
5228,7rks_H,cdrH3,HIS,
5229,7rks_H,cdrH3,ILE,
5230,7rks_H,cdrH3,LEU,2.1338
5231,7rks_H,cdrH3,LYS,
5232,7rks_H,cdrH3,MET,
5233,7rks_H,cdrH3,PHE,1.7281
5234,7rks_H,cdrH3,PRO,
5235,7rks_H,cdrH3,SER,1.1033
5236,7rks_H,cdrH3,THR,1.8379
5237,7rks_H,cdrH3,TRP,
5238,7rks_H,cdrH3,TYR,3.7204
5239,7rks_H,cdrH3,VAL,0.3433
5240,7o2z_H,cdrH3,ALA,
5241,7o2z_H,cdrH3,ARG,
5242,7o2z_H,cdrH3,ASN,1.9324
5243,7o2z_H,cdrH3,ASP,2.3787
5244,7o2z_H,cdrH3,CYS,
5245,7o2z_H,cdrH3,GLN,2.322
5246,7o2z_H,cdrH3,GLU,
5247,7o2z_H,cdrH3,GLY,
5248,7o2z_H,cdrH3,HIS,2.78
5249,7o2z_H,cdrH3,ILE,
5250,7o2z_H,cdrH3,LEU,0.3321
5251,7o2z_H,cdrH3,LYS,
5252,7o2z_H,cdrH3,MET,
5253,7o2z_H,cdrH3,PHE,2.3476
5254,7o2z_H,cdrH3,PRO,0.3307
5255,7o2z_H,cdrH3,SER,
5256,7o2z_H,cdrH3,THR,
5257,7o2z_H,cdrH3,TRP,5.0827
5258,7o2z_H,cdrH3,TYR,3.3468
5259,7o2z_H,cdrH3,VAL,
5300,7lfb_H,cdrH3,ALA,
5301,7lfb_H,cdrH3,ARG,0.3263
5302,7lfb_H,cdrH3,ASN,
5303,7lfb_H,cdrH3,ASP,0.5088
5304,7lfb_H,cdrH3,CYS,
5305,7lfb_H,cdrH3,GLN,
5306,7lfb_H,cdrH3,GLU,
5307,7lfb_H,cdrH3,GLY,
5308,7lfb_H,cdrH3,HIS,
5309,7lfb_H,cdrH3,ILE,1.3078
5310,7lfb_H,cdrH3,LEU,1.8909
5311,7lfb_H,cdrH3,LYS,
5312,7lfb_H,cdrH3,MET,
5313,7lfb_H,cdrH3,PHE,1.9023
5314,7lfb_H,cdrH3,PRO,
5315,7lfb_H,cdrH3,SER,0.4237
5316,7lfb_H,cdrH3,THR,
5317,7lfb_H,cdrH3,TRP,
5318,7lfb_H,cdrH3,TYR,3.408
5319,7lfb_H,cdrH3,VAL,
5320,7o33_H,cdrH3,ALA,
5321,7o33_H,cdrH3,ARG,3.9723
5322,7o33_H,cdrH3,ASN,2.7424
5323,7o33_H,cdrH3,ASP,
5324,7o33_H,cdrH3,CYS,
5325,7o33_H,cdrH3,GLN,
5326,7o33_H,cdrH3,GLU,
5327,7o33_H,cdrH3,GLY,
5328,7o33_H,cdrH3,HIS,
5329,7o33_H,cdrH3,ILE,
5330,7o33_H,cdrH3,LEU,2.9602
5331,7o33_H,cdrH3,LYS,
5332,7o33_H,cdrH3,MET,
5333,7o33_H,cdrH3,PHE,
5334,7o33_H,cdrH3,PRO,
5335,7o33_H,cdrH3,SER,
5336,7o33_H,cdrH3,THR,
5337,7o33_H,cdrH3,TRP,1.2419
5338,7o33_H,cdrH3,TYR,
5339,7o33_H,cdrH3,VAL,
5340,6xsn_H,cdrH3,ALA,
5341,6xsn_H,cdrH3,ARG,1.3293
5342,6xsn_H,cdrH3,ASN,
5343,6xsn_H,cdrH3,ASP,0.5034
5344,6xsn_H,cdrH3,CYS,0.0946
5345,6xsn_H,cdrH3,GLN,
5346,6xsn_H,cdrH3,GLU,
5347,6xsn_H,cdrH3,GLY,
5348,6xsn_H,cdrH3,HIS,
5349,6xsn_H,cdrH3,ILE,
5350,6xsn_H,cdrH3,LEU,0.4076
5351,6xsn_H,cdrH3,LYS,
5352,6xsn_H,cdrH3,MET,
5353,6xsn_H,cdrH3,PHE,1.4409
5354,6xsn_H,cdrH3,PRO,
5355,6xsn_H,cdrH3,SER,0.3056
5356,6xsn_H,cdrH3,THR,
5357,6xsn_H,cdrH3,TRP,3.1554
5358,6xsn_H,cdrH3,TYR,1.7991
5359,6xsn_H,cdrH3,VAL,1.8775
5400,7n3e_H,cdrH1,ALA,
5401,7n3e_H,cdrH1,ARG,
5402,7n3e_H,cdrH1,ASN,
5403,7n3e_H,cdrH1,ASP,
5404,7n3e_H,cdrH1,CYS,
5405,7n3e_H,cdrH1,GLN,
5406,7n3e_H,cdrH1,GLU,
5407,7n3e_H,cdrH1,GLY,
5408,7n3e_H,cdrH1,HIS,
5409,7n3e_H,cdrH1,ILE,
5410,7n3e_H,cdrH1,LEU,
5411,7n3e_H,cdrH1,LYS,
5412,7n3e_H,cdrH1,MET,
5413,7n3e_H,cdrH1,PHE,1.8277
5414,7n3e_H,cdrH1,PRO,
5415,7n3e_H,cdrH1,SER,0.882
5416,7n3e_H,cdrH1,THR,0.2197
5417,7n3e_H,cdrH1,TRP,0.8347
5418,7n3e_H,cdrH1,TYR,1.0871
5419,7n3e_H,cdrH1,VAL,
5420,6xsw_H,cdrH1,ALA,
5421,6xsw_H,cdrH1,ARG,
5422,6xsw_H,cdrH1,ASN,
5423,6xsw_H,cdrH1,ASP,0.2632
5424,6xsw_H,cdrH1,CYS,
5425,6xsw_H,cdrH1,GLN,
5426,6xsw_H,cdrH1,GLU,
5427,6xsw_H,cdrH1,GLY,
5428,6xsw_H,cdrH1,HIS,
5429,6xsw_H,cdrH1,ILE,
5430,6xsw_H,cdrH1,LEU,
5431,6xsw_H,cdrH1,LYS,
5432,6xsw_H,cdrH1,MET,
5433,6xsw_H,cdrH1,PHE,1.8334
5434,6xsw_H,cdrH1,PRO,
5435,6xsw_H,cdrH1,SER,
5436,6xsw_H,cdrH1,THR,2.1502
5437,6xsw_H,cdrH1,TRP,0.4473
5438,6xsw_H,cdrH1,TYR,1.3687
5439,6xsw_H,cdrH1,VAL,
5480,7mzg_H,cdrH1,ALA,
5481,7mzg_H,cdrH1,ARG,
5482,7mzg_H,cdrH1,ASN,0.6177
5483,7mzg_H,cdrH1,ASP,
5484,7mzg_H,cdrH1,CYS,
5485,7mzg_H,cdrH1,GLN,
5486,7mzg_H,cdrH1,GLU,
5487,7mzg_H,cdrH1,GLY,
5488,7mzg_H,cdrH1,HIS,
5489,7mzg_H,cdrH1,ILE,
5490,7mzg_H,cdrH1,LEU,0.593
5491,7mzg_H,cdrH1,LYS,
5492,7mzg_H,cdrH1,MET,
5493,7mzg_H,cdrH1,PHE,
5494,7mzg_H,cdrH1,PRO,
5495,7mzg_H,cdrH1,SER,0.728
5496,7mzg_H,cdrH1,THR,0.3599
5497,7mzg_H,cdrH1,TRP,
5498,7mzg_H,cdrH1,TYR,1.7782
5499,7mzg_H,cdrH1,VAL,0.3317
5540,7daa_H,cdrH1,ALA,
5541,7daa_H,cdrH1,ARG,
5542,7daa_H,cdrH1,ASN,
5543,7daa_H,cdrH1,ASP,0.131
5544,7daa_H,cdrH1,CYS,
5545,7daa_H,cdrH1,GLN,
5546,7daa_H,cdrH1,GLU,
5547,7daa_H,cdrH1,GLY,
5548,7daa_H,cdrH1,HIS,
5549,7daa_H,cdrH1,ILE,
5550,7daa_H,cdrH1,LEU,1.3378
5551,7daa_H,cdrH1,LYS,
5552,7daa_H,cdrH1,MET,
5553,7daa_H,cdrH1,PHE,1.9126
5554,7daa_H,cdrH1,PRO,
5555,7daa_H,cdrH1,SER,0.8004
5556,7daa_H,cdrH1,THR,
5557,7daa_H,cdrH1,TRP,
5558,7daa_H,cdrH1,TYR,0.5976
5559,7daa_H,cdrH1,VAL,
5560,7kba_H,cdrH1,ALA,
5561,7kba_H,cdrH1,ARG,
5562,7kba_H,cdrH1,ASN,
5563,7kba_H,cdrH1,ASP,0.3821
5564,7kba_H,cdrH1,CYS,
5565,7kba_H,cdrH1,GLN,
5566,7kba_H,cdrH1,GLU,
5567,7kba_H,cdrH1,GLY,
5568,7kba_H,cdrH1,HIS,0.7552
5569,7kba_H,cdrH1,ILE,
5570,7kba_H,cdrH1,LEU,
5571,7kba_H,cdrH1,LYS,
5572,7kba_H,cdrH1,MET,
5573,7kba_H,cdrH1,PHE,1.1587
5574,7kba_H,cdrH1,PRO,
5575,7kba_H,cdrH1,SER,0.8927
5576,7kba_H,cdrH1,THR,
5577,7kba_H,cdrH1,TRP,
5578,7kba_H,cdrH1,TYR,
5579,7kba_H,cdrH1,VAL,
5680,7ahu_H,cdrH1,ALA,
5681,7ahu_H,cdrH1,ARG,
5682,7ahu_H,cdrH1,ASN,
5683,7ahu_H,cdrH1,ASP,
5684,7ahu_H,cdrH1,CYS,
5685,7ahu_H,cdrH1,GLN,
5686,7ahu_H,cdrH1,GLU,
5687,7ahu_H,cdrH1,GLY,
5688,7ahu_H,cdrH1,HIS,
5689,7ahu_H,cdrH1,ILE,
5690,7ahu_H,cdrH1,LEU,
5691,7ahu_H,cdrH1,LYS,
5692,7ahu_H,cdrH1,MET,
5693,7ahu_H,cdrH1,PHE,1.8459999999999999
5694,7ahu_H,cdrH1,PRO,
5695,7ahu_H,cdrH1,SER,0.9246
5696,7ahu_H,cdrH1,THR,0.2084
5697,7ahu_H,cdrH1,TRP,0.9239
5698,7ahu_H,cdrH1,TYR,1.6989
5699,7ahu_H,cdrH1,VAL,
5700,7oo2_H,cdrH1,ALA,
5701,7oo2_H,cdrH1,ARG,2.7264
5702,7oo2_H,cdrH1,ASN,
5703,7oo2_H,cdrH1,ASP,
5704,7oo2_H,cdrH1,CYS,
5705,7oo2_H,cdrH1,GLN,
5706,7oo2_H,cdrH1,GLU,
5707,7oo2_H,cdrH1,GLY,
5708,7oo2_H,cdrH1,HIS,
5709,7oo2_H,cdrH1,ILE,
5710,7oo2_H,cdrH1,LEU,0.3889
5711,7oo2_H,cdrH1,LYS,
5712,7oo2_H,cdrH1,MET,
5713,7oo2_H,cdrH1,PHE,1.8118
5714,7oo2_H,cdrH1,PRO,
5715,7oo2_H,cdrH1,SER,0.1248
5716,7oo2_H,cdrH1,THR,
5717,7oo2_H,cdrH1,TRP,
5718,7oo2_H,cdrH1,TYR,0.3112
5719,7oo2_H,cdrH1,VAL,
5740,7mzk_H,cdrH1,ALA,
5741,7mzk_H,cdrH1,ARG,
5742,7mzk_H,cdrH1,ASN,
5743,7mzk_H,cdrH1,ASP,
5744,7mzk_H,cdrH1,CYS,
5745,7mzk_H,cdrH1,GLN,
5746,7mzk_H,cdrH1,GLU,
5747,7mzk_H,cdrH1,GLY,
5748,7mzk_H,cdrH1,HIS,
5749,7mzk_H,cdrH1,ILE,
5750,7mzk_H,cdrH1,LEU,
5751,7mzk_H,cdrH1,LYS,
5752,7mzk_H,cdrH1,MET,
5753,7mzk_H,cdrH1,PHE,1.7986
5754,7mzk_H,cdrH1,PRO,
5755,7mzk_H,cdrH1,SER,0.3108
5756,7mzk_H,cdrH1,THR,0.0954
5757,7mzk_H,cdrH1,TRP,
5758,7mzk_H,cdrH1,TYR,1.615
5759,7mzk_H,cdrH1,VAL,
5780,7e9b_H,cdrH1,ALA,
5781,7e9b_H,cdrH1,ARG,
5782,7e9b_H,cdrH1,ASN,0.2291
5783,7e9b_H,cdrH1,ASP,
5784,7e9b_H,cdrH1,CYS,
5785,7e9b_H,cdrH1,GLN,
5786,7e9b_H,cdrH1,GLU,
5787,7e9b_H,cdrH1,GLY,
5788,7e9b_H,cdrH1,HIS,
5789,7e9b_H,cdrH1,ILE,
5790,7e9b_H,cdrH1,LEU,
5791,7e9b_H,cdrH1,LYS,
5792,7e9b_H,cdrH1,MET,
5793,7e9b_H,cdrH1,PHE,0.3803
5794,7e9b_H,cdrH1,PRO,
5795,7e9b_H,cdrH1,SER,0.0524
5796,7e9b_H,cdrH1,THR,0.3716
5797,7e9b_H,cdrH1,TRP,
5798,7e9b_H,cdrH1,TYR,1.7257
5799,7e9b_H,cdrH1,VAL,
5840,7rdl_H,cdrH1,ALA,
5841,7rdl_H,cdrH1,ARG,
5842,7rdl_H,cdrH1,ASN,
5843,7rdl_H,cdrH1,ASP,
5844,7rdl_H,cdrH1,CYS,
5845,7rdl_H,cdrH1,GLN,
5846,7rdl_H,cdrH1,GLU,2.6025
5847,7rdl_H,cdrH1,GLY,
5848,7rdl_H,cdrH1,HIS,
5849,7rdl_H,cdrH1,ILE,
5850,7rdl_H,cdrH1,LEU,
5851,7rdl_H,cdrH1,LYS,
5852,7rdl_H,cdrH1,MET,
5853,7rdl_H,cdrH1,PHE,1.4621
5854,7rdl_H,cdrH1,PRO,
5855,7rdl_H,cdrH1,SER,1.248
5856,7rdl_H,cdrH1,THR,
5857,7rdl_H,cdrH1,TRP,
5858,7rdl_H,cdrH1,TYR,
5859,7rdl_H,cdrH1,VAL,
5920,7or9_H,cdrH1,ALA,
5921,7or9_H,cdrH1,ARG,0.8322
5922,7or9_H,cdrH1,ASN,
5923,7or9_H,cdrH1,ASP,
5924,7or9_H,cdrH1,CYS,
5925,7or9_H,cdrH1,GLN,
5926,7or9_H,cdrH1,GLU,
5927,7or9_H,cdrH1,GLY,
5928,7or9_H,cdrH1,HIS,
5929,7or9_H,cdrH1,ILE,1.2658
5930,7or9_H,cdrH1,LEU,
5931,7or9_H,cdrH1,LYS,
5932,7or9_H,cdrH1,MET,
5933,7or9_H,cdrH1,PHE,1.8213
5934,7or9_H,cdrH1,PRO,
5935,7or9_H,cdrH1,SER,
5936,7or9_H,cdrH1,THR,
5937,7or9_H,cdrH1,TRP,
5938,7or9_H,cdrH1,TYR,1.035
5939,7or9_H,cdrH1,VAL,
5940,7rco_H,cdrH1,ALA,
5941,7rco_H,cdrH1,ARG,
5942,7rco_H,cdrH1,ASN,
5943,7rco_H,cdrH1,ASP,
5944,7rco_H,cdrH1,CYS,
5945,7rco_H,cdrH1,GLN,
5946,7rco_H,cdrH1,GLU,
5947,7rco_H,cdrH1,GLY,
5948,7rco_H,cdrH1,HIS,
5949,7rco_H,cdrH1,ILE,
5950,7rco_H,cdrH1,LEU,0.4963
5951,7rco_H,cdrH1,LYS,
5952,7rco_H,cdrH1,MET,
5953,7rco_H,cdrH1,PHE,0.4306
5954,7rco_H,cdrH1,PRO,
5955,7rco_H,cdrH1,SER,1.3006
5956,7rco_H,cdrH1,THR,1.4804
5957,7rco_H,cdrH1,TRP,
5958,7rco_H,cdrH1,TYR,1.6536
5959,7rco_H,cdrH1,VAL,
5960,7doh_H,cdrH1,ALA,
5961,7doh_H,cdrH1,ARG,
5962,7doh_H,cdrH1,ASN,0.495
5963,7doh_H,cdrH1,ASP,
5964,7doh_H,cdrH1,CYS,
5965,7doh_H,cdrH1,GLN,
5966,7doh_H,cdrH1,GLU,
5967,7doh_H,cdrH1,GLY,
5968,7doh_H,cdrH1,HIS,
5969,7doh_H,cdrH1,ILE,
5970,7doh_H,cdrH1,LEU,
5971,7doh_H,cdrH1,LYS,
5972,7doh_H,cdrH1,MET,
5973,7doh_H,cdrH1,PHE,2.1639
5974,7doh_H,cdrH1,PRO,
5975,7doh_H,cdrH1,SER,
5976,7doh_H,cdrH1,THR,0.4789
5977,7doh_H,cdrH1,TRP,
5978,7doh_H,cdrH1,TYR,1.2089
5979,7doh_H,cdrH1,VAL,
6040,7o30_H,cdrH1,ALA,
6041,7o30_H,cdrH1,ARG,
6042,7o30_H,cdrH1,ASN,
6043,7o30_H,cdrH1,ASP,
6044,7o30_H,cdrH1,CYS,
6045,7o30_H,cdrH1,GLN,
6046,7o30_H,cdrH1,GLU,
6047,7o30_H,cdrH1,GLY,
6048,7o30_H,cdrH1,HIS,
6049,7o30_H,cdrH1,ILE,
6050,7o30_H,cdrH1,LEU,0.0652
6051,7o30_H,cdrH1,LYS,
6052,7o30_H,cdrH1,MET,
6053,7o30_H,cdrH1,PHE,0.1964
6054,7o30_H,cdrH1,PRO,
6055,7o30_H,cdrH1,SER,0.0352
6056,7o30_H,cdrH1,THR,0.3649
6057,7o30_H,cdrH1,TRP,
6058,7o30_H,cdrH1,TYR,0.4481
6059,7o30_H,cdrH1,VAL,
6060,7mzj_H,cdrH1,ALA,
6061,7mzj_H,cdrH1,ARG,
6062,7mzj_H,cdrH1,ASN,
6063,7mzj_H,cdrH1,ASP,
6064,7mzj_H,cdrH1,CYS,
6065,7mzj_H,cdrH1,GLN,
6066,7mzj_H,cdrH1,GLU,
6067,7mzj_H,cdrH1,GLY,
6068,7mzj_H,cdrH1,HIS,
6069,7mzj_H,cdrH1,ILE,
6070,7mzj_H,cdrH1,LEU,
6071,7mzj_H,cdrH1,LYS,
6072,7mzj_H,cdrH1,MET,
6073,7mzj_H,cdrH1,PHE,1.0729
6074,7mzj_H,cdrH1,PRO,
6075,7mzj_H,cdrH1,SER,0.0526
6076,7mzj_H,cdrH1,THR,0.0648
6077,7mzj_H,cdrH1,TRP,0.1602
6078,7mzj_H,cdrH1,TYR,1.5325
6079,7mzj_H,cdrH1,VAL,
6080,6xm2_H,cdrH1,ALA,
6081,6xm2_H,cdrH1,ARG,
6082,6xm2_H,cdrH1,ASN,
6083,6xm2_H,cdrH1,ASP,
6084,6xm2_H,cdrH1,CYS,
6085,6xm2_H,cdrH1,GLN,
6086,6xm2_H,cdrH1,GLU,
6087,6xm2_H,cdrH1,GLY,
6088,6xm2_H,cdrH1,HIS,
6089,6xm2_H,cdrH1,ILE,
6090,6xm2_H,cdrH1,LEU,0.7369
6091,6xm2_H,cdrH1,LYS,
6092,6xm2_H,cdrH1,MET,
6093,6xm2_H,cdrH1,PHE,1.8882
6094,6xm2_H,cdrH1,PRO,
6095,6xm2_H,cdrH1,SER,1.0543
6096,6xm2_H,cdrH1,THR,0.669
6097,6xm2_H,cdrH1,TRP,
6098,6xm2_H,cdrH1,TYR,1.8265
6099,6xm2_H,cdrH1,VAL,
6100,7s13_H,cdrH1,ALA,
6101,7s13_H,cdrH1,ARG,
6102,7s13_H,cdrH1,ASN,1.1452
6103,7s13_H,cdrH1,ASP,
6104,7s13_H,cdrH1,CYS,
6105,7s13_H,cdrH1,GLN,
6106,7s13_H,cdrH1,GLU,
6107,7s13_H,cdrH1,GLY,
6108,7s13_H,cdrH1,HIS,
6109,7s13_H,cdrH1,ILE,0.9189
6110,7s13_H,cdrH1,LEU,1.7968
6111,7s13_H,cdrH1,LYS,
6112,7s13_H,cdrH1,MET,
6113,7s13_H,cdrH1,PHE,
6114,7s13_H,cdrH1,PRO,
6115,7s13_H,cdrH1,SER,0.0746
6116,7s13_H,cdrH1,THR,1.0667
6117,7s13_H,cdrH1,TRP,
6118,7s13_H,cdrH1,TYR,
6119,7s13_H,cdrH1,VAL,
6160,7kkz_H,cdrH1,ALA,
6161,7kkz_H,cdrH1,ARG,
6162,7kkz_H,cdrH1,ASN,0.2451
6163,7kkz_H,cdrH1,ASP,
6164,7kkz_H,cdrH1,CYS,
6165,7kkz_H,cdrH1,GLN,
6166,7kkz_H,cdrH1,GLU,
6167,7kkz_H,cdrH1,GLY,
6168,7kkz_H,cdrH1,HIS,
6169,7kkz_H,cdrH1,ILE,2.3378
6170,7kkz_H,cdrH1,LEU,
6171,7kkz_H,cdrH1,LYS,
6172,7kkz_H,cdrH1,MET,
6173,7kkz_H,cdrH1,PHE,0.7642
6174,7kkz_H,cdrH1,PRO,
6175,7kkz_H,cdrH1,SER,0.0797
6176,7kkz_H,cdrH1,THR,0.6726
6177,7kkz_H,cdrH1,TRP,0.6626
6178,7kkz_H,cdrH1,TYR,
6179,7kkz_H,cdrH1,VAL,
6200,7bbg_H,cdrH1,ALA,
6201,7bbg_H,cdrH1,ARG,
6202,7bbg_H,cdrH1,ASN,
6203,7bbg_H,cdrH1,ASP,
6204,7bbg_H,cdrH1,CYS,
6205,7bbg_H,cdrH1,GLN,
6206,7bbg_H,cdrH1,GLU,
6207,7bbg_H,cdrH1,GLY,
6208,7bbg_H,cdrH1,HIS,
6209,7bbg_H,cdrH1,ILE,
6210,7bbg_H,cdrH1,LEU,
6211,7bbg_H,cdrH1,LYS,
6212,7bbg_H,cdrH1,MET,
6213,7bbg_H,cdrH1,PHE,3.7344
6214,7bbg_H,cdrH1,PRO,
6215,7bbg_H,cdrH1,SER,0.9541
6216,7bbg_H,cdrH1,THR,2.1577
6217,7bbg_H,cdrH1,TRP,
6218,7bbg_H,cdrH1,TYR,1.7749
6219,7bbg_H,cdrH1,VAL,
6260,7n3g_H,cdrH1,ALA,
6261,7n3g_H,cdrH1,ARG,
6262,7n3g_H,cdrH1,ASN,0.52
6263,7n3g_H,cdrH1,ASP,
6264,7n3g_H,cdrH1,CYS,
6265,7n3g_H,cdrH1,GLN,
6266,7n3g_H,cdrH1,GLU,
6267,7n3g_H,cdrH1,GLY,
6268,7n3g_H,cdrH1,HIS,
6269,7n3g_H,cdrH1,ILE,
6270,7n3g_H,cdrH1,LEU,
6271,7n3g_H,cdrH1,LYS,
6272,7n3g_H,cdrH1,MET,
6273,7n3g_H,cdrH1,PHE,1.7937
6274,7n3g_H,cdrH1,PRO,
6275,7n3g_H,cdrH1,SER,0.4508
6276,7n3g_H,cdrH1,THR,1.4684
6277,7n3g_H,cdrH1,TRP,
6278,7n3g_H,cdrH1,TYR,1.7488
6279,7n3g_H,cdrH1,VAL,1.9652
6300,7n4i_H,cdrH1,ALA,
6301,7n4i_H,cdrH1,ARG,
6302,7n4i_H,cdrH1,ASN,
6303,7n4i_H,cdrH1,ASP,
6304,7n4i_H,cdrH1,CYS,
6305,7n4i_H,cdrH1,GLN,
6306,7n4i_H,cdrH1,GLU,
6307,7n4i_H,cdrH1,GLY,
6308,7n4i_H,cdrH1,HIS,
6309,7n4i_H,cdrH1,ILE,0.1436
6310,7n4i_H,cdrH1,LEU,
6311,7n4i_H,cdrH1,LYS,
6312,7n4i_H,cdrH1,MET,
6313,7n4i_H,cdrH1,PHE,1.8417
6314,7n4i_H,cdrH1,PRO,
6315,7n4i_H,cdrH1,SER,0.0889
6316,7n4i_H,cdrH1,THR,
6317,7n4i_H,cdrH1,TRP,0.6151
6318,7n4i_H,cdrH1,TYR,0.9174
6319,7n4i_H,cdrH1,VAL,
6340,7s11_H,cdrH1,ALA,
6341,7s11_H,cdrH1,ARG,
6342,7s11_H,cdrH1,ASN,0.6793
6343,7s11_H,cdrH1,ASP,
6344,7s11_H,cdrH1,CYS,
6345,7s11_H,cdrH1,GLN,
6346,7s11_H,cdrH1,GLU,
6347,7s11_H,cdrH1,GLY,
6348,7s11_H,cdrH1,HIS,
6349,7s11_H,cdrH1,ILE,
6350,7s11_H,cdrH1,LEU,1.1522
6351,7s11_H,cdrH1,LYS,
6352,7s11_H,cdrH1,MET,
6353,7s11_H,cdrH1,PHE,
6354,7s11_H,cdrH1,PRO,
6355,7s11_H,cdrH1,SER,0.4413
6356,7s11_H,cdrH1,THR,0.418
6357,7s11_H,cdrH1,TRP,
6358,7s11_H,cdrH1,TYR,
6359,7s11_H,cdrH1,VAL,
6400,7bg1_H,cdrH1,ALA,
6401,7bg1_H,cdrH1,ARG,
6402,7bg1_H,cdrH1,ASN,
6403,7bg1_H,cdrH1,ASP,
6404,7bg1_H,cdrH1,CYS,
6405,7bg1_H,cdrH1,GLN,
6406,7bg1_H,cdrH1,GLU,
6407,7bg1_H,cdrH1,GLY,
6408,7bg1_H,cdrH1,HIS,
6409,7bg1_H,cdrH1,ILE,
6410,7bg1_H,cdrH1,LEU,
6411,7bg1_H,cdrH1,LYS,
6412,7bg1_H,cdrH1,MET,
6413,7bg1_H,cdrH1,PHE,1.8334
6414,7bg1_H,cdrH1,PRO,
6415,7bg1_H,cdrH1,SER,1.6174
6416,7bg1_H,cdrH1,THR,0.6126
6417,7bg1_H,cdrH1,TRP,
6418,7bg1_H,cdrH1,TYR,1.3031
6419,7bg1_H,cdrH1,VAL,
6500,7ora_H,cdrH1,ALA,
6501,7ora_H,cdrH1,ARG,
6502,7ora_H,cdrH1,ASN,
6503,7ora_H,cdrH1,ASP,
6504,7ora_H,cdrH1,CYS,
6505,7ora_H,cdrH1,GLN,
6506,7ora_H,cdrH1,GLU,
6507,7ora_H,cdrH1,GLY,
6508,7ora_H,cdrH1,HIS,
6509,7ora_H,cdrH1,ILE,
6510,7ora_H,cdrH1,LEU,
6511,7ora_H,cdrH1,LYS,
6512,7ora_H,cdrH1,MET,
6513,7ora_H,cdrH1,PHE,1.8308
6514,7ora_H,cdrH1,PRO,
6515,7ora_H,cdrH1,SER,1.7721
6516,7ora_H,cdrH1,THR,1.511
6517,7ora_H,cdrH1,TRP,
6518,7ora_H,cdrH1,TYR,
6519,7ora_H,cdrH1,VAL,
6520,7e3o_H,cdrH1,ALA,
6521,7e3o_H,cdrH1,ARG,
6522,7e3o_H,cdrH1,ASN,
6523,7e3o_H,cdrH1,ASP,
6524,7e3o_H,cdrH1,CYS,
6525,7e3o_H,cdrH1,GLN,
6526,7e3o_H,cdrH1,GLU,
6527,7e3o_H,cdrH1,GLY,
6528,7e3o_H,cdrH1,HIS,
6529,7e3o_H,cdrH1,ILE,
6530,7e3o_H,cdrH1,LEU,
6531,7e3o_H,cdrH1,LYS,
6532,7e3o_H,cdrH1,MET,
6533,7e3o_H,cdrH1,PHE,1.8633
6534,7e3o_H,cdrH1,PRO,
6535,7e3o_H,cdrH1,SER,0.9193
6536,7e3o_H,cdrH1,THR,0.2216
6537,7e3o_H,cdrH1,TRP,
6538,7e3o_H,cdrH1,TYR,1.7074
6539,7e3o_H,cdrH1,VAL,
6560,7n0u_H,cdrH1,ALA,
6561,7n0u_H,cdrH1,ARG,
6562,7n0u_H,cdrH1,ASN,2.7111
6563,7n0u_H,cdrH1,ASP,
6564,7n0u_H,cdrH1,CYS,
6565,7n0u_H,cdrH1,GLN,
6566,7n0u_H,cdrH1,GLU,
6567,7n0u_H,cdrH1,GLY,
6568,7n0u_H,cdrH1,HIS,
6569,7n0u_H,cdrH1,ILE,1.2734
6570,7n0u_H,cdrH1,LEU,
6571,7n0u_H,cdrH1,LYS,
6572,7n0u_H,cdrH1,MET,
6573,7n0u_H,cdrH1,PHE,1.5892
6574,7n0u_H,cdrH1,PRO,
6575,7n0u_H,cdrH1,SER,0.8463
6576,7n0u_H,cdrH1,THR,0.5264
6577,7n0u_H,cdrH1,TRP,
6578,7n0u_H,cdrH1,TYR,1.7211
6579,7n0u_H,cdrH1,VAL,
6580,6xp6_H,cdrH1,ALA,
6581,6xp6_H,cdrH1,ARG,1.7966
6582,6xp6_H,cdrH1,ASN,
6583,6xp6_H,cdrH1,ASP,
6584,6xp6_H,cdrH1,CYS,
6585,6xp6_H,cdrH1,GLN,
6586,6xp6_H,cdrH1,GLU,
6587,6xp6_H,cdrH1,GLY,
6588,6xp6_H,cdrH1,HIS,4.1069
6589,6xp6_H,cdrH1,ILE,
6590,6xp6_H,cdrH1,LEU,
6591,6xp6_H,cdrH1,LYS,
6592,6xp6_H,cdrH1,MET,
6593,6xp6_H,cdrH1,PHE,
6594,6xp6_H,cdrH1,PRO,
6595,6xp6_H,cdrH1,SER,0.1159
6596,6xp6_H,cdrH1,THR,0.5332
6597,6xp6_H,cdrH1,TRP,
6598,6xp6_H,cdrH1,TYR,
6599,6xp6_H,cdrH1,VAL,1.7134
6640,6xlz_H,cdrH1,ALA,
6641,6xlz_H,cdrH1,ARG,2.7003
6642,6xlz_H,cdrH1,ASN,
6643,6xlz_H,cdrH1,ASP,1.734
6644,6xlz_H,cdrH1,CYS,
6645,6xlz_H,cdrH1,GLN,
6646,6xlz_H,cdrH1,GLU,
6647,6xlz_H,cdrH1,GLY,
6648,6xlz_H,cdrH1,HIS,
6649,6xlz_H,cdrH1,ILE,0.8908
6650,6xlz_H,cdrH1,LEU,
6651,6xlz_H,cdrH1,LYS,
6652,6xlz_H,cdrH1,MET,
6653,6xlz_H,cdrH1,PHE,
6654,6xlz_H,cdrH1,PRO,
6655,6xlz_H,cdrH1,SER,1.55
6656,6xlz_H,cdrH1,THR,
6657,6xlz_H,cdrH1,TRP,3.2039
6658,6xlz_H,cdrH1,TYR,1.7009
6659,6xlz_H,cdrH1,VAL,
6700,7n3h_H,cdrH1,ALA,
6701,7n3h_H,cdrH1,ARG,
6702,7n3h_H,cdrH1,ASN,0.3657
6703,7n3h_H,cdrH1,ASP,
6704,7n3h_H,cdrH1,CYS,
6705,7n3h_H,cdrH1,GLN,
6706,7n3h_H,cdrH1,GLU,
6707,7n3h_H,cdrH1,GLY,
6708,7n3h_H,cdrH1,HIS,
6709,7n3h_H,cdrH1,ILE,0.1781
6710,7n3h_H,cdrH1,LEU,
6711,7n3h_H,cdrH1,LYS,
6712,7n3h_H,cdrH1,MET,
6713,7n3h_H,cdrH1,PHE,
6714,7n3h_H,cdrH1,PRO,
6715,7n3h_H,cdrH1,SER,0.755
6716,7n3h_H,cdrH1,THR,0.5507
6717,7n3h_H,cdrH1,TRP,
6718,7n3h_H,cdrH1,TYR,1.8966
6719,7n3h_H,cdrH1,VAL,0.2426
6720,7kn3_H,cdrH1,ALA,
6721,7kn3_H,cdrH1,ARG,
6722,7kn3_H,cdrH1,ASN,
6723,7kn3_H,cdrH1,ASP,
6724,7kn3_H,cdrH1,CYS,
6725,7kn3_H,cdrH1,GLN,
6726,7kn3_H,cdrH1,GLU,
6727,7kn3_H,cdrH1,GLY,
6728,7kn3_H,cdrH1,HIS,0.6379
6729,7kn3_H,cdrH1,ILE,
6730,7kn3_H,cdrH1,LEU,1.7171
6731,7kn3_H,cdrH1,LYS,
6732,7kn3_H,cdrH1,MET,
6733,7kn3_H,cdrH1,PHE,1.8269
6734,7kn3_H,cdrH1,PRO,
6735,7kn3_H,cdrH1,SER,0.7669
6736,7kn3_H,cdrH1,THR,0.3863
6737,7kn3_H,cdrH1,TRP,
6738,7kn3_H,cdrH1,TYR,
6739,7kn3_H,cdrH1,VAL,0.3371
6740,7mzf_H,cdrH1,ALA,
6741,7mzf_H,cdrH1,ARG,2.1959999999999997
6742,7mzf_H,cdrH1,ASN,0.5214
6743,7mzf_H,cdrH1,ASP,
6744,7mzf_H,cdrH1,CYS,
6745,7mzf_H,cdrH1,GLN,
6746,7mzf_H,cdrH1,GLU,2.8094
6747,7mzf_H,cdrH1,GLY,
6748,7mzf_H,cdrH1,HIS,
6749,7mzf_H,cdrH1,ILE,0.1615
6750,7mzf_H,cdrH1,LEU,
6751,7mzf_H,cdrH1,LYS,
6752,7mzf_H,cdrH1,MET,
6753,7mzf_H,cdrH1,PHE,2.7430000000000003
6754,7mzf_H,cdrH1,PRO,
6755,7mzf_H,cdrH1,SER,0.0415
6756,7mzf_H,cdrH1,THR,
6757,7mzf_H,cdrH1,TRP,
6758,7mzf_H,cdrH1,TYR,0.528
6759,7mzf_H,cdrH1,VAL,0.4646
6780,7nx3_H,cdrH1,ALA,
6781,7nx3_H,cdrH1,ARG,
6782,7nx3_H,cdrH1,ASN,
6783,7nx3_H,cdrH1,ASP,
6784,7nx3_H,cdrH1,CYS,
6785,7nx3_H,cdrH1,GLN,
6786,7nx3_H,cdrH1,GLU,
6787,7nx3_H,cdrH1,GLY,
6788,7nx3_H,cdrH1,HIS,
6789,7nx3_H,cdrH1,ILE,
6790,7nx3_H,cdrH1,LEU,
6791,7nx3_H,cdrH1,LYS,
6792,7nx3_H,cdrH1,MET,
6793,7nx3_H,cdrH1,PHE,1.8122
6794,7nx3_H,cdrH1,PRO,
6795,7nx3_H,cdrH1,SER,0.9301
6796,7nx3_H,cdrH1,THR,
6797,7nx3_H,cdrH1,TRP,0.2442
6798,7nx3_H,cdrH1,TYR,1.1019
6799,7nx3_H,cdrH1,VAL,
6800,7kf1_H,cdrH1,ALA,
6801,7kf1_H,cdrH1,ARG,
6802,7kf1_H,cdrH1,ASN,0.7966
6803,7kf1_H,cdrH1,ASP,0.4695
6804,7kf1_H,cdrH1,CYS,
6805,7kf1_H,cdrH1,GLN,
6806,7kf1_H,cdrH1,GLU,
6807,7kf1_H,cdrH1,GLY,
6808,7kf1_H,cdrH1,HIS,
6809,7kf1_H,cdrH1,ILE,1.2893
6810,7kf1_H,cdrH1,LEU,
6811,7kf1_H,cdrH1,LYS,4.2896
6812,7kf1_H,cdrH1,MET,
6813,7kf1_H,cdrH1,PHE,1.8428
6814,7kf1_H,cdrH1,PRO,
6815,7kf1_H,cdrH1,SER,
6816,7kf1_H,cdrH1,THR,2.1616
6817,7kf1_H,cdrH1,TRP,
6818,7kf1_H,cdrH1,TYR,1.7419
6819,7kf1_H,cdrH1,VAL,
6820,7arn_H,cdrH1,ALA,
6821,7arn_H,cdrH1,ARG,
6822,7arn_H,cdrH1,ASN,
6823,7arn_H,cdrH1,ASP,
6824,7arn_H,cdrH1,CYS,
6825,7arn_H,cdrH1,GLN,
6826,7arn_H,cdrH1,GLU,
6827,7arn_H,cdrH1,GLY,
6828,7arn_H,cdrH1,HIS,
6829,7arn_H,cdrH1,ILE,
6830,7arn_H,cdrH1,LEU,
6831,7arn_H,cdrH1,LYS,
6832,7arn_H,cdrH1,MET,
6833,7arn_H,cdrH1,PHE,1.8144
6834,7arn_H,cdrH1,PRO,
6835,7arn_H,cdrH1,SER,0.8683
6836,7arn_H,cdrH1,THR,1.4764
6837,7arn_H,cdrH1,TRP,
6838,7arn_H,cdrH1,TYR,0.2789
6839,7arn_H,cdrH1,VAL,
6840,7rdm_H,cdrH1,ALA,
6841,7rdm_H,cdrH1,ARG,
6842,7rdm_H,cdrH1,ASN,0.9886
6843,7rdm_H,cdrH1,ASP,
6844,7rdm_H,cdrH1,CYS,
6845,7rdm_H,cdrH1,GLN,
6846,7rdm_H,cdrH1,GLU,1.9111
6847,7rdm_H,cdrH1,GLY,
6848,7rdm_H,cdrH1,HIS,
6849,7rdm_H,cdrH1,ILE,
6850,7rdm_H,cdrH1,LEU,
6851,7rdm_H,cdrH1,LYS,
6852,7rdm_H,cdrH1,MET,2.4087
6853,7rdm_H,cdrH1,PHE,0.4389
6854,7rdm_H,cdrH1,PRO,
6855,7rdm_H,cdrH1,SER,0.7898
6856,7rdm_H,cdrH1,THR,
6857,7rdm_H,cdrH1,TRP,
6858,7rdm_H,cdrH1,TYR,
6859,7rdm_H,cdrH1,VAL,
6860,7l7e_H,cdrH1,ALA,
6861,7l7e_H,cdrH1,ARG,
6862,7l7e_H,cdrH1,ASN,
6863,7l7e_H,cdrH1,ASP,
6864,7l7e_H,cdrH1,CYS,
6865,7l7e_H,cdrH1,GLN,
6866,7l7e_H,cdrH1,GLU,
6867,7l7e_H,cdrH1,GLY,
6868,7l7e_H,cdrH1,HIS,
6869,7l7e_H,cdrH1,ILE,
6870,7l7e_H,cdrH1,LEU,
6871,7l7e_H,cdrH1,LYS,
6872,7l7e_H,cdrH1,MET,2.6154
6873,7l7e_H,cdrH1,PHE,1.8241
6874,7l7e_H,cdrH1,PRO,
6875,7l7e_H,cdrH1,SER,0.7474
6876,7l7e_H,cdrH1,THR,0.2082
6877,7l7e_H,cdrH1,TRP,
6878,7l7e_H,cdrH1,TYR,
6879,7l7e_H,cdrH1,VAL,
6900,7r9d_H,cdrH1,ALA,
6901,7r9d_H,cdrH1,ARG,
6902,7r9d_H,cdrH1,ASN,1.5458
6903,7r9d_H,cdrH1,ASP,
6904,7r9d_H,cdrH1,CYS,
6905,7r9d_H,cdrH1,GLN,
6906,7r9d_H,cdrH1,GLU,
6907,7r9d_H,cdrH1,GLY,
6908,7r9d_H,cdrH1,HIS,
6909,7r9d_H,cdrH1,ILE,
6910,7r9d_H,cdrH1,LEU,
6911,7r9d_H,cdrH1,LYS,
6912,7r9d_H,cdrH1,MET,
6913,7r9d_H,cdrH1,PHE,1.3383
6914,7r9d_H,cdrH1,PRO,
6915,7r9d_H,cdrH1,SER,0.1216
6916,7r9d_H,cdrH1,THR,0.2564
6917,7r9d_H,cdrH1,TRP,
6918,7r9d_H,cdrH1,TYR,
6919,7r9d_H,cdrH1,VAL,
6980,7s4s_H,cdrH1,ALA,
6981,7s4s_H,cdrH1,ARG,2.3611
6982,7s4s_H,cdrH1,ASN,0.4964
6983,7s4s_H,cdrH1,ASP,
6984,7s4s_H,cdrH1,CYS,
6985,7s4s_H,cdrH1,GLN,
6986,7s4s_H,cdrH1,GLU,
6987,7s4s_H,cdrH1,GLY,
6988,7s4s_H,cdrH1,HIS,
6989,7s4s_H,cdrH1,ILE,0.1778
6990,7s4s_H,cdrH1,LEU,
6991,7s4s_H,cdrH1,LYS,
6992,7s4s_H,cdrH1,MET,
6993,7s4s_H,cdrH1,PHE,4.3364
6994,7s4s_H,cdrH1,PRO,
6995,7s4s_H,cdrH1,SER,0.0751
6996,7s4s_H,cdrH1,THR,
6997,7s4s_H,cdrH1,TRP,
6998,7s4s_H,cdrH1,TYR,1.7063
6999,7s4s_H,cdrH1,VAL,0.3781
7020,7n3d_H,cdrH1,ALA,
7021,7n3d_H,cdrH1,ARG,
7022,7n3d_H,cdrH1,ASN,
7023,7n3d_H,cdrH1,ASP,
7024,7n3d_H,cdrH1,CYS,
7025,7n3d_H,cdrH1,GLN,
7026,7n3d_H,cdrH1,GLU,
7027,7n3d_H,cdrH1,GLY,
7028,7n3d_H,cdrH1,HIS,
7029,7n3d_H,cdrH1,ILE,0.9932
7030,7n3d_H,cdrH1,LEU,
7031,7n3d_H,cdrH1,LYS,
7032,7n3d_H,cdrH1,MET,
7033,7n3d_H,cdrH1,PHE,
7034,7n3d_H,cdrH1,PRO,
7035,7n3d_H,cdrH1,SER,1.1835
7036,7n3d_H,cdrH1,THR,
7037,7n3d_H,cdrH1,TRP,
7038,7n3d_H,cdrH1,TYR,0.9627
7039,7n3d_H,cdrH1,VAL,
7040,7kez_H,cdrH1,ALA,
7041,7kez_H,cdrH1,ARG,
7042,7kez_H,cdrH1,ASN,0.7967
7043,7kez_H,cdrH1,ASP,0.1402
7044,7kez_H,cdrH1,CYS,
7045,7kez_H,cdrH1,GLN,
7046,7kez_H,cdrH1,GLU,
7047,7kez_H,cdrH1,GLY,
7048,7kez_H,cdrH1,HIS,
7049,7kez_H,cdrH1,ILE,0.8787
7050,7kez_H,cdrH1,LEU,
7051,7kez_H,cdrH1,LYS,1.5293
7052,7kez_H,cdrH1,MET,
7053,7kez_H,cdrH1,PHE,1.8205
7054,7kez_H,cdrH1,PRO,
7055,7kez_H,cdrH1,SER,
7056,7kez_H,cdrH1,THR,0.5443
7057,7kez_H,cdrH1,TRP,
7058,7kez_H,cdrH1,TYR,1.7218
7059,7kez_H,cdrH1,VAL,
7060,7jkm_H,cdrH1,ALA,
7061,7jkm_H,cdrH1,ARG,
7062,7jkm_H,cdrH1,ASN,
7063,7jkm_H,cdrH1,ASP,1.2202
7064,7jkm_H,cdrH1,CYS,
7065,7jkm_H,cdrH1,GLN,
7066,7jkm_H,cdrH1,GLU,
7067,7jkm_H,cdrH1,GLY,
7068,7jkm_H,cdrH1,HIS,
7069,7jkm_H,cdrH1,ILE,
7070,7jkm_H,cdrH1,LEU,
7071,7jkm_H,cdrH1,LYS,
7072,7jkm_H,cdrH1,MET,
7073,7jkm_H,cdrH1,PHE,1.8206
7074,7jkm_H,cdrH1,PRO,
7075,7jkm_H,cdrH1,SER,
7076,7jkm_H,cdrH1,THR,0.1223
7077,7jkm_H,cdrH1,TRP,
7078,7jkm_H,cdrH1,TYR,1.7511
7079,7jkm_H,cdrH1,VAL,
7100,7e72_H,cdrH1,ALA,
7101,7e72_H,cdrH1,ARG,
7102,7e72_H,cdrH1,ASN,
7103,7e72_H,cdrH1,ASP,
7104,7e72_H,cdrH1,CYS,
7105,7e72_H,cdrH1,GLN,
7106,7e72_H,cdrH1,GLU,
7107,7e72_H,cdrH1,GLY,
7108,7e72_H,cdrH1,HIS,
7109,7e72_H,cdrH1,ILE,
7110,7e72_H,cdrH1,LEU,
7111,7e72_H,cdrH1,LYS,
7112,7e72_H,cdrH1,MET,
7113,7e72_H,cdrH1,PHE,1.8304
7114,7e72_H,cdrH1,PRO,
7115,7e72_H,cdrH1,SER,0.1842
7116,7e72_H,cdrH1,THR,0.166
7117,7e72_H,cdrH1,TRP,0.2834
7118,7e72_H,cdrH1,TYR,1.018
7119,7e72_H,cdrH1,VAL,
7120,7n3f_H,cdrH1,ALA,
7121,7n3f_H,cdrH1,ARG,
7122,7n3f_H,cdrH1,ASN,
7123,7n3f_H,cdrH1,ASP,
7124,7n3f_H,cdrH1,CYS,
7125,7n3f_H,cdrH1,GLN,
7126,7n3f_H,cdrH1,GLU,
7127,7n3f_H,cdrH1,GLY,
7128,7n3f_H,cdrH1,HIS,
7129,7n3f_H,cdrH1,ILE,1.4017
7130,7n3f_H,cdrH1,LEU,
7131,7n3f_H,cdrH1,LYS,
7132,7n3f_H,cdrH1,MET,
7133,7n3f_H,cdrH1,PHE,0.7435
7134,7n3f_H,cdrH1,PRO,
7135,7n3f_H,cdrH1,SER,0.0813
7136,7n3f_H,cdrH1,THR,0.1233
7137,7n3f_H,cdrH1,TRP,0.2102
7138,7n3f_H,cdrH1,TYR,1.1106
7139,7n3f_H,cdrH1,VAL,
7180,7kyo_H,cdrH1,ALA,
7181,7kyo_H,cdrH1,ARG,
7182,7kyo_H,cdrH1,ASN,
7183,7kyo_H,cdrH1,ASP,
7184,7kyo_H,cdrH1,CYS,
7185,7kyo_H,cdrH1,GLN,
7186,7kyo_H,cdrH1,GLU,
7187,7kyo_H,cdrH1,GLY,
7188,7kyo_H,cdrH1,HIS,
7189,7kyo_H,cdrH1,ILE,2.0664
7190,7kyo_H,cdrH1,LEU,
7191,7kyo_H,cdrH1,LYS,
7192,7kyo_H,cdrH1,MET,
7193,7kyo_H,cdrH1,PHE,3.8546
7194,7kyo_H,cdrH1,PRO,
7195,7kyo_H,cdrH1,SER,0.7167
7196,7kyo_H,cdrH1,THR,1.6627
7197,7kyo_H,cdrH1,TRP,
7198,7kyo_H,cdrH1,TYR,1.0597
7199,7kyo_H,cdrH1,VAL,
7200,7e5o_H,cdrH1,ALA,
7201,7e5o_H,cdrH1,ARG,
7202,7e5o_H,cdrH1,ASN,
7203,7e5o_H,cdrH1,ASP,
7204,7e5o_H,cdrH1,CYS,
7205,7e5o_H,cdrH1,GLN,
7206,7e5o_H,cdrH1,GLU,
7207,7e5o_H,cdrH1,GLY,
7208,7e5o_H,cdrH1,HIS,
7209,7e5o_H,cdrH1,ILE,
7210,7e5o_H,cdrH1,LEU,
7211,7e5o_H,cdrH1,LYS,
7212,7e5o_H,cdrH1,MET,
7213,7e5o_H,cdrH1,PHE,2.0574
7214,7e5o_H,cdrH1,PRO,
7215,7e5o_H,cdrH1,SER,0.5737
7216,7e5o_H,cdrH1,THR,
7217,7e5o_H,cdrH1,TRP,
7218,7e5o_H,cdrH1,TYR,1.2131
7219,7e5o_H,cdrH1,VAL,
7220,7s0b_H,cdrH1,ALA,
7221,7s0b_H,cdrH1,ARG,
7222,7s0b_H,cdrH1,ASN,
7223,7s0b_H,cdrH1,ASP,
7224,7s0b_H,cdrH1,CYS,
7225,7s0b_H,cdrH1,GLN,
7226,7s0b_H,cdrH1,GLU,
7227,7s0b_H,cdrH1,GLY,
7228,7s0b_H,cdrH1,HIS,
7229,7s0b_H,cdrH1,ILE,
7230,7s0b_H,cdrH1,LEU,
7231,7s0b_H,cdrH1,LYS,
7232,7s0b_H,cdrH1,MET,
7233,7s0b_H,cdrH1,PHE,1.8079
7234,7s0b_H,cdrH1,PRO,
7235,7s0b_H,cdrH1,SER,0.5625
7236,7s0b_H,cdrH1,THR,0.3698
7237,7s0b_H,cdrH1,TRP,
7238,7s0b_H,cdrH1,TYR,0.5006
7239,7s0b_H,cdrH1,VAL,
7240,7n3c_H,cdrH1,ALA,
7241,7n3c_H,cdrH1,ARG,
7242,7n3c_H,cdrH1,ASN,
7243,7n3c_H,cdrH1,ASP,
7244,7n3c_H,cdrH1,CYS,
7245,7n3c_H,cdrH1,GLN,
7246,7n3c_H,cdrH1,GLU,
7247,7n3c_H,cdrH1,GLY,
7248,7n3c_H,cdrH1,HIS,
7249,7n3c_H,cdrH1,ILE,
7250,7n3c_H,cdrH1,LEU,
7251,7n3c_H,cdrH1,LYS,
7252,7n3c_H,cdrH1,MET,
7253,7n3c_H,cdrH1,PHE,1.8281
7254,7n3c_H,cdrH1,PRO,
7255,7n3c_H,cdrH1,SER,0.757
7256,7n3c_H,cdrH1,THR,
7257,7n3c_H,cdrH1,TRP,1.7187
7258,7n3c_H,cdrH1,TYR,1.1082
7259,7n3c_H,cdrH1,VAL,
7300,7mzh_H,cdrH1,ALA,
7301,7mzh_H,cdrH1,ARG,
7302,7mzh_H,cdrH1,ASN,
7303,7mzh_H,cdrH1,ASP,
7304,7mzh_H,cdrH1,CYS,
7305,7mzh_H,cdrH1,GLN,
7306,7mzh_H,cdrH1,GLU,
7307,7mzh_H,cdrH1,GLY,
7308,7mzh_H,cdrH1,HIS,
7309,7mzh_H,cdrH1,ILE,
7310,7mzh_H,cdrH1,LEU,
7311,7mzh_H,cdrH1,LYS,
7312,7mzh_H,cdrH1,MET,
7313,7mzh_H,cdrH1,PHE,1.8106
7314,7mzh_H,cdrH1,PRO,
7315,7mzh_H,cdrH1,SER,
7316,7mzh_H,cdrH1,THR,0.1802
7317,7mzh_H,cdrH1,TRP,
7318,7mzh_H,cdrH1,TYR,1.6218
7319,7mzh_H,cdrH1,VAL,
7440,7o4y_H,cdrH1,ALA,
7441,7o4y_H,cdrH1,ARG,
7442,7o4y_H,cdrH1,ASN,1.5782
7443,7o4y_H,cdrH1,ASP,2.0069999999999997
7444,7o4y_H,cdrH1,CYS,
7445,7o4y_H,cdrH1,GLN,
7446,7o4y_H,cdrH1,GLU,
7447,7o4y_H,cdrH1,GLY,
7448,7o4y_H,cdrH1,HIS,
7449,7o4y_H,cdrH1,ILE,
7450,7o4y_H,cdrH1,LEU,
7451,7o4y_H,cdrH1,LYS,
7452,7o4y_H,cdrH1,MET,
7453,7o4y_H,cdrH1,PHE,
7454,7o4y_H,cdrH1,PRO,
7455,7o4y_H,cdrH1,SER,0.4413
7456,7o4y_H,cdrH1,THR,
7457,7o4y_H,cdrH1,TRP,
7458,7o4y_H,cdrH1,TYR,
7459,7o4y_H,cdrH1,VAL,2.2576
7460,7lyw_H,cdrH1,ALA,
7461,7lyw_H,cdrH1,ARG,
7462,7lyw_H,cdrH1,ASN,0.4778
7463,7lyw_H,cdrH1,ASP,
7464,7lyw_H,cdrH1,CYS,
7465,7lyw_H,cdrH1,GLN,
7466,7lyw_H,cdrH1,GLU,
7467,7lyw_H,cdrH1,GLY,
7468,7lyw_H,cdrH1,HIS,
7469,7lyw_H,cdrH1,ILE,
7470,7lyw_H,cdrH1,LEU,
7471,7lyw_H,cdrH1,LYS,
7472,7lyw_H,cdrH1,MET,
7473,7lyw_H,cdrH1,PHE,1.8097
7474,7lyw_H,cdrH1,PRO,
7475,7lyw_H,cdrH1,SER,
7476,7lyw_H,cdrH1,THR,1.155
7477,7lyw_H,cdrH1,TRP,
7478,7lyw_H,cdrH1,TYR,1.0841
7479,7lyw_H,cdrH1,VAL,
7480,7rdk_H,cdrH1,ALA,
7481,7rdk_H,cdrH1,ARG,
7482,7rdk_H,cdrH1,ASN,1.3848
7483,7rdk_H,cdrH1,ASP,
7484,7rdk_H,cdrH1,CYS,
7485,7rdk_H,cdrH1,GLN,
7486,7rdk_H,cdrH1,GLU,
7487,7rdk_H,cdrH1,GLY,
7488,7rdk_H,cdrH1,HIS,
7489,7rdk_H,cdrH1,ILE,
7490,7rdk_H,cdrH1,LEU,0.2038
7491,7rdk_H,cdrH1,LYS,
7492,7rdk_H,cdrH1,MET,
7493,7rdk_H,cdrH1,PHE,2.1803
7494,7rdk_H,cdrH1,PRO,
7495,7rdk_H,cdrH1,SER,1.2357
7496,7rdk_H,cdrH1,THR,
7497,7rdk_H,cdrH1,TRP,
7498,7rdk_H,cdrH1,TYR,
7499,7rdk_H,cdrH1,VAL,
7500,7o31_H,cdrH1,ALA,
7501,7o31_H,cdrH1,ARG,
7502,7o31_H,cdrH1,ASN,
7503,7o31_H,cdrH1,ASP,
7504,7o31_H,cdrH1,CYS,
7505,7o31_H,cdrH1,GLN,
7506,7o31_H,cdrH1,GLU,
7507,7o31_H,cdrH1,GLY,
7508,7o31_H,cdrH1,HIS,
7509,7o31_H,cdrH1,ILE,
7510,7o31_H,cdrH1,LEU,
7511,7o31_H,cdrH1,LYS,
7512,7o31_H,cdrH1,MET,
7513,7o31_H,cdrH1,PHE,1.8301
7514,7o31_H,cdrH1,PRO,
7515,7o31_H,cdrH1,SER,0.4439
7516,7o31_H,cdrH1,THR,0.4258
7517,7o31_H,cdrH1,TRP,
7518,7o31_H,cdrH1,TYR,0.2724
7519,7o31_H,cdrH1,VAL,
7540,7cj2_H,cdrH1,ALA,
7541,7cj2_H,cdrH1,ARG,
7542,7cj2_H,cdrH1,ASN,0.2497
7543,7cj2_H,cdrH1,ASP,
7544,7cj2_H,cdrH1,CYS,
7545,7cj2_H,cdrH1,GLN,
7546,7cj2_H,cdrH1,GLU,
7547,7cj2_H,cdrH1,GLY,
7548,7cj2_H,cdrH1,HIS,
7549,7cj2_H,cdrH1,ILE,
7550,7cj2_H,cdrH1,LEU,
7551,7cj2_H,cdrH1,LYS,
7552,7cj2_H,cdrH1,MET,
7553,7cj2_H,cdrH1,PHE,1.8123
7554,7cj2_H,cdrH1,PRO,
7555,7cj2_H,cdrH1,SER,0.3995
7556,7cj2_H,cdrH1,THR,0.239
7557,7cj2_H,cdrH1,TRP,
7558,7cj2_H,cdrH1,TYR,0.1486
7559,7cj2_H,cdrH1,VAL,
7560,7mf7_H,cdrH1,ALA,
7561,7mf7_H,cdrH1,ARG,
7562,7mf7_H,cdrH1,ASN,0.4058
7563,7mf7_H,cdrH1,ASP,0.3351
7564,7mf7_H,cdrH1,CYS,
7565,7mf7_H,cdrH1,GLN,
7566,7mf7_H,cdrH1,GLU,
7567,7mf7_H,cdrH1,GLY,
7568,7mf7_H,cdrH1,HIS,
7569,7mf7_H,cdrH1,ILE,
7570,7mf7_H,cdrH1,LEU,
7571,7mf7_H,cdrH1,LYS,
7572,7mf7_H,cdrH1,MET,
7573,7mf7_H,cdrH1,PHE,1.8448
7574,7mf7_H,cdrH1,PRO,
7575,7mf7_H,cdrH1,SER,
7576,7mf7_H,cdrH1,THR,
7577,7mf7_H,cdrH1,TRP,0.5047
7578,7mf7_H,cdrH1,TYR,
7579,7mf7_H,cdrH1,VAL,
7600,7s3m_H,cdrH1,ALA,
7601,7s3m_H,cdrH1,ARG,3.9764
7602,7s3m_H,cdrH1,ASN,1.2974
7603,7s3m_H,cdrH1,ASP,0.2421
7604,7s3m_H,cdrH1,CYS,
7605,7s3m_H,cdrH1,GLN,
7606,7s3m_H,cdrH1,GLU,
7607,7s3m_H,cdrH1,GLY,
7608,7s3m_H,cdrH1,HIS,
7609,7s3m_H,cdrH1,ILE,0.1542
7610,7s3m_H,cdrH1,LEU,
7611,7s3m_H,cdrH1,LYS,
7612,7s3m_H,cdrH1,MET,
7613,7s3m_H,cdrH1,PHE,0.6797
7614,7s3m_H,cdrH1,PRO,
7615,7s3m_H,cdrH1,SER,
7616,7s3m_H,cdrH1,THR,0.27
7617,7s3m_H,cdrH1,TRP,
7618,7s3m_H,cdrH1,TYR,1.7497
7619,7s3m_H,cdrH1,VAL,
7640,7kf0_H,cdrH1,ALA,
7641,7kf0_H,cdrH1,ARG,
7642,7kf0_H,cdrH1,ASN,0.7715
7643,7kf0_H,cdrH1,ASP,0.1869
7644,7kf0_H,cdrH1,CYS,
7645,7kf0_H,cdrH1,GLN,
7646,7kf0_H,cdrH1,GLU,
7647,7kf0_H,cdrH1,GLY,
7648,7kf0_H,cdrH1,HIS,
7649,7kf0_H,cdrH1,ILE,0.2776
7650,7kf0_H,cdrH1,LEU,
7651,7kf0_H,cdrH1,LYS,1.7864
7652,7kf0_H,cdrH1,MET,
7653,7kf0_H,cdrH1,PHE,0.37200000000000005
7654,7kf0_H,cdrH1,PRO,
7655,7kf0_H,cdrH1,SER,
7656,7kf0_H,cdrH1,THR,0.6273
7657,7kf0_H,cdrH1,TRP,
7658,7kf0_H,cdrH1,TYR,0.6834
7659,7kf0_H,cdrH1,VAL,
7700,7keo_H,cdrH1,ALA,
7701,7keo_H,cdrH1,ARG,
7702,7keo_H,cdrH1,ASN,1.8773
7703,7keo_H,cdrH1,ASP,
7704,7keo_H,cdrH1,CYS,
7705,7keo_H,cdrH1,GLN,
7706,7keo_H,cdrH1,GLU,
7707,7keo_H,cdrH1,GLY,
7708,7keo_H,cdrH1,HIS,
7709,7keo_H,cdrH1,ILE,
7710,7keo_H,cdrH1,LEU,
7711,7keo_H,cdrH1,LYS,
7712,7keo_H,cdrH1,MET,
7713,7keo_H,cdrH1,PHE,1.8069
7714,7keo_H,cdrH1,PRO,
7715,7keo_H,cdrH1,SER,0.9359999999999999
7716,7keo_H,cdrH1,THR,
7717,7keo_H,cdrH1,TRP,
7718,7keo_H,cdrH1,TYR,1.6325
7719,7keo_H,cdrH1,VAL,0.4279
7720,7aj6_H,cdrH1,ALA,
7721,7aj6_H,cdrH1,ARG,3.5180000000000002
7722,7aj6_H,cdrH1,ASN,
7723,7aj6_H,cdrH1,ASP,
7724,7aj6_H,cdrH1,CYS,
7725,7aj6_H,cdrH1,GLN,
7726,7aj6_H,cdrH1,GLU,
7727,7aj6_H,cdrH1,GLY,
7728,7aj6_H,cdrH1,HIS,1.5121
7729,7aj6_H,cdrH1,ILE,1.0214
7730,7aj6_H,cdrH1,LEU,
7731,7aj6_H,cdrH1,LYS,
7732,7aj6_H,cdrH1,MET,
7733,7aj6_H,cdrH1,PHE,1.8218
7734,7aj6_H,cdrH1,PRO,
7735,7aj6_H,cdrH1,SER,0.0567
7736,7aj6_H,cdrH1,THR,
7737,7aj6_H,cdrH1,TRP,
7738,7aj6_H,cdrH1,TYR,1.7797
7739,7aj6_H,cdrH1,VAL,
7760,7lfa_H,cdrH1,ALA,
7761,7lfa_H,cdrH1,ARG,
7762,7lfa_H,cdrH1,ASN,
7763,7lfa_H,cdrH1,ASP,
7764,7lfa_H,cdrH1,CYS,
7765,7lfa_H,cdrH1,GLN,
7766,7lfa_H,cdrH1,GLU,
7767,7lfa_H,cdrH1,GLY,
7768,7lfa_H,cdrH1,HIS,0.3492
7769,7lfa_H,cdrH1,ILE,
7770,7lfa_H,cdrH1,LEU,
7771,7lfa_H,cdrH1,LYS,
7772,7lfa_H,cdrH1,MET,
7773,7lfa_H,cdrH1,PHE,1.8161
7774,7lfa_H,cdrH1,PRO,
7775,7lfa_H,cdrH1,SER,0.4686
7776,7lfa_H,cdrH1,THR,0.1628
7777,7lfa_H,cdrH1,TRP,0.266
7778,7lfa_H,cdrH1,TYR,0.2564
7779,7lfa_H,cdrH1,VAL,
7800,7m2i_H,cdrH1,ALA,
7801,7m2i_H,cdrH1,ARG,
7802,7m2i_H,cdrH1,ASN,
7803,7m2i_H,cdrH1,ASP,0.0287
7804,7m2i_H,cdrH1,CYS,
7805,7m2i_H,cdrH1,GLN,
7806,7m2i_H,cdrH1,GLU,
7807,7m2i_H,cdrH1,GLY,
7808,7m2i_H,cdrH1,HIS,
7809,7m2i_H,cdrH1,ILE,
7810,7m2i_H,cdrH1,LEU,
7811,7m2i_H,cdrH1,LYS,
7812,7m2i_H,cdrH1,MET,
7813,7m2i_H,cdrH1,PHE,3.3086
7814,7m2i_H,cdrH1,PRO,
7815,7m2i_H,cdrH1,SER,0.3154
7816,7m2i_H,cdrH1,THR,1.6015
7817,7m2i_H,cdrH1,TRP,0.3646
7818,7m2i_H,cdrH1,TYR,6.0661
7819,7m2i_H,cdrH1,VAL,
7820,7rah_H,cdrH1,ALA,
7821,7rah_H,cdrH1,ARG,
7822,7rah_H,cdrH1,ASN,
7823,7rah_H,cdrH1,ASP,
7824,7rah_H,cdrH1,CYS,
7825,7rah_H,cdrH1,GLN,
7826,7rah_H,cdrH1,GLU,
7827,7rah_H,cdrH1,GLY,
7828,7rah_H,cdrH1,HIS,
7829,7rah_H,cdrH1,ILE,
7830,7rah_H,cdrH1,LEU,
7831,7rah_H,cdrH1,LYS,
7832,7rah_H,cdrH1,MET,
7833,7rah_H,cdrH1,PHE,1.1339
7834,7rah_H,cdrH1,PRO,
7835,7rah_H,cdrH1,SER,0.3324
7836,7rah_H,cdrH1,THR,0.5716
7837,7rah_H,cdrH1,TRP,
7838,7rah_H,cdrH1,TYR,0.3106
7839,7rah_H,cdrH1,VAL,
7840,7rnj_H,cdrH1,ALA,
7841,7rnj_H,cdrH1,ARG,
7842,7rnj_H,cdrH1,ASN,
7843,7rnj_H,cdrH1,ASP,
7844,7rnj_H,cdrH1,CYS,
7845,7rnj_H,cdrH1,GLN,2.2709
7846,7rnj_H,cdrH1,GLU,
7847,7rnj_H,cdrH1,GLY,
7848,7rnj_H,cdrH1,HIS,
7849,7rnj_H,cdrH1,ILE,
7850,7rnj_H,cdrH1,LEU,
7851,7rnj_H,cdrH1,LYS,
7852,7rnj_H,cdrH1,MET,
7853,7rnj_H,cdrH1,PHE,4.6527
7854,7rnj_H,cdrH1,PRO,
7855,7rnj_H,cdrH1,SER,0.0455
7856,7rnj_H,cdrH1,THR,0.3045
7857,7rnj_H,cdrH1,TRP,
7858,7rnj_H,cdrH1,TYR,2.5491
7859,7rnj_H,cdrH1,VAL,
7900,7rks_H,cdrH1,ALA,
7901,7rks_H,cdrH1,ARG,
7902,7rks_H,cdrH1,ASN,0.1419
7903,7rks_H,cdrH1,ASP,
7904,7rks_H,cdrH1,CYS,
7905,7rks_H,cdrH1,GLN,
7906,7rks_H,cdrH1,GLU,
7907,7rks_H,cdrH1,GLY,
7908,7rks_H,cdrH1,HIS,
7909,7rks_H,cdrH1,ILE,
7910,7rks_H,cdrH1,LEU,
7911,7rks_H,cdrH1,LYS,
7912,7rks_H,cdrH1,MET,
7913,7rks_H,cdrH1,PHE,1.8479
7914,7rks_H,cdrH1,PRO,
7915,7rks_H,cdrH1,SER,0.4536
7916,7rks_H,cdrH1,THR,0.2596
7917,7rks_H,cdrH1,TRP,
7918,7rks_H,cdrH1,TYR,0.3906
7919,7rks_H,cdrH1,VAL,
7920,7o2z_H,cdrH1,ALA,
7921,7o2z_H,cdrH1,ARG,
7922,7o2z_H,cdrH1,ASN,0.3341
7923,7o2z_H,cdrH1,ASP,
7924,7o2z_H,cdrH1,CYS,
7925,7o2z_H,cdrH1,GLN,
7926,7o2z_H,cdrH1,GLU,
7927,7o2z_H,cdrH1,GLY,
7928,7o2z_H,cdrH1,HIS,
7929,7o2z_H,cdrH1,ILE,
7930,7o2z_H,cdrH1,LEU,0.9514
7931,7o2z_H,cdrH1,LYS,
7932,7o2z_H,cdrH1,MET,3.2428
7933,7o2z_H,cdrH1,PHE,1.8662
7934,7o2z_H,cdrH1,PRO,
7935,7o2z_H,cdrH1,SER,0.2736
7936,7o2z_H,cdrH1,THR,0.4206
7937,7o2z_H,cdrH1,TRP,
7938,7o2z_H,cdrH1,TYR,1.6973
7939,7o2z_H,cdrH1,VAL,
7980,7lfb_H,cdrH1,ALA,
7981,7lfb_H,cdrH1,ARG,
7982,7lfb_H,cdrH1,ASN,0.0734
7983,7lfb_H,cdrH1,ASP,
7984,7lfb_H,cdrH1,CYS,
7985,7lfb_H,cdrH1,GLN,
7986,7lfb_H,cdrH1,GLU,
7987,7lfb_H,cdrH1,GLY,
7988,7lfb_H,cdrH1,HIS,
7989,7lfb_H,cdrH1,ILE,
7990,7lfb_H,cdrH1,LEU,
7991,7lfb_H,cdrH1,LYS,
7992,7lfb_H,cdrH1,MET,
7993,7lfb_H,cdrH1,PHE,1.8375
7994,7lfb_H,cdrH1,PRO,
7995,7lfb_H,cdrH1,SER,
7996,7lfb_H,cdrH1,THR,0.3608
7997,7lfb_H,cdrH1,TRP,
7998,7lfb_H,cdrH1,TYR,1.0484
7999,7lfb_H,cdrH1,VAL,
8000,7o33_H,cdrH1,ALA,
8001,7o33_H,cdrH1,ARG,
8002,7o33_H,cdrH1,ASN,
8003,7o33_H,cdrH1,ASP,0.5466
8004,7o33_H,cdrH1,CYS,
8005,7o33_H,cdrH1,GLN,
8006,7o33_H,cdrH1,GLU,0.6327
8007,7o33_H,cdrH1,GLY,
8008,7o33_H,cdrH1,HIS,
8009,7o33_H,cdrH1,ILE,0.1655
8010,7o33_H,cdrH1,LEU,
8011,7o33_H,cdrH1,LYS,
8012,7o33_H,cdrH1,MET,
8013,7o33_H,cdrH1,PHE,1.7938
8014,7o33_H,cdrH1,PRO,
8015,7o33_H,cdrH1,SER,
8016,7o33_H,cdrH1,THR,0.1096
8017,7o33_H,cdrH1,TRP,
8018,7o33_H,cdrH1,TYR,0.4242
8019,7o33_H,cdrH1,VAL,
8020,6xsn_H,cdrH1,ALA,
8021,6xsn_H,cdrH1,ARG,
8022,6xsn_H,cdrH1,ASN,
8023,6xsn_H,cdrH1,ASP,
8024,6xsn_H,cdrH1,CYS,
8025,6xsn_H,cdrH1,GLN,
8026,6xsn_H,cdrH1,GLU,
8027,6xsn_H,cdrH1,GLY,
8028,6xsn_H,cdrH1,HIS,
8029,6xsn_H,cdrH1,ILE,1.6
8030,6xsn_H,cdrH1,LEU,
8031,6xsn_H,cdrH1,LYS,
8032,6xsn_H,cdrH1,MET,
8033,6xsn_H,cdrH1,PHE,
8034,6xsn_H,cdrH1,PRO,
8035,6xsn_H,cdrH1,SER,1.0699
8036,6xsn_H,cdrH1,THR,
8037,6xsn_H,cdrH1,TRP,
8038,6xsn_H,cdrH1,TYR,
8039,6xsn_H,cdrH1,VAL,
